foret,numero,code_essence,zone_h,x,y,lng,dm,lac
15440,270,24,30N,219357,580461,1400,55,
15440,271,24,30N,219297,580432,1400,46,
15440,272,24,30N,219308,580481,1500,57,
15440,273,23,30N,218745,582297,1500,57,O
15440,274,23,30N,217104,578525,1030,52,
15440,275,23,30N,217231,578595,1060,63,
15440,276,23,30N,218430,581439,1460,55,
15440,277,23,30N,218400,581509,800,57,
15440,278,23,30N,707761,723282,1480,67,
15440,279,23,30N,707738,723316,1400,47,
15440,280,2,30N,219405,581109,1170,60,
15440,281,23,30N,219359,580691,1300,67,
15440,282,23,30N,220474,577043,1400,67,
15440,283,23,30N,220208,577608,600,60,O
15440,284,23,30N,212190,576509,1400,60,O
15440,285,23,30N,221104,589612,1250,40,
15440,286,23,30N,215603,576103,1100,70,O
15440,287,23,30N,785521,732065,1280,60,O
15440,288,19,30N,217239,578573,930,105,O
15440,289,19,30N,217107,578558,970,133,
15440,290,19,30N,217123,578530,1400,80,O
15440,291,19,30N,217107,578658,1300,60,
15440,292,19,30N,217218,578585,1300,55,O
15440,293,19,30N,216761,578242,1200,76,
15440,294,19,30N,217187,578597,1260,55,O
15440,295,2,30N,218855,582291,1200,76,O
15440,296,19,30N,218863,582297,1160,76,
15440,297,19,30N,218888,582301,1100,60,
15440,298,19,30N,218744,582297,1200,80,
15440,299,19,30N,217108,578658,900,50,
15440,300,19,30N,218488,581503,1100,52,O
15440,301,19,30N,218380,581098,1380,80,O
15440,302,19,30N,218687,581795,1200,104,O
15440,303,19,30N,218595,581897,1180,112,O
15440,304,19,30N,219673,578987,1080,100,O
15440,305,19,30N,219685,579663,400,60,
15440,306,19,30N,219657,579814,1080,76,
15440,307,19,30N,219198,580432,700,76,
15440,308,19,30N,219677,579816,1300,55,
15440,309,19,30N,213817,577155,1170,76,
15440,310,19,30N,213905,577209,570,76,
15440,311,19,30N,213918,577281,500,105,
15440,312,19,30N,694012,728826,600,60,O
15440,313,19,30N,694086,728876,1500,76,O
15440,314,2,30N,694137,728883,1500,76,O
15440,315,19,30N,695244,728255,1000,80,O
15440,316,19,30N,708712,719188,1150,100,O
15440,317,19,30N,219066,581753,1000,110,O
15440,318,19,30N,219361,581297,980,90,O
15440,319,19,30N,219371,580337,1380,50,
15440,320,19,30N,219187,580413,1270,76,
15440,321,19,30N,219509,580894,1470,76,
15440,322,19,30N,219328,580907,1470,50,
15440,323,19,30N,219206,581025,1460,76,
15440,324,19,30N,219318,581066,1080,77,
15440,325,19,30N,219299,581085,1400,55,O
15440,326,19,30N,219416,581131,800,90,
15440,327,19,30N,219297,581081,1150,102,
15440,328,19,30N,219301,581122,980,130,
15440,329,19,30N,219266,581138,1100,118,
15440,330,19,30N,217258,578555,930,100,
15440,331,19,30N,217260,578553,1470,84,
15440,332,19,30N,219333,581092,1000,120,
15440,333,19,30N,219309,580480,950,124,
15440,334,19,30N,219311,580444,1200,76,
15440,335,19,30N,219030,581189,1180,115,
15440,336,19,30N,219087,581232,1000,90,
15440,337,19,30N,219095,581207,1000,120,O
15440,338,19,30N,219051,581128,1040,105,O
15440,339,19,30N,219041,581119,1080,70,O
15440,340,19,30N,219066,581132,1300,76,O
15440,341,19,30N,219079,581442,1400,90,
15440,342,19,30N,218930,581071,1000,60,O
15440,343,19,30N,218907,581082,1500,76,O
15440,344,19,30N,219289,581131,1500,76,O
15440,345,19,30N,219399,581181,850,128,
15440,346,19,30N,219208,581115,1280,76,
15440,347,19,30N,219181,581107,1040,60,
15440,348,19,30N,219177,581098,1240,84,O
15440,349,19,30N,219119,581079,1140,100,O
15440,350,19,30N,219327,581290,1080,134,
15440,351,19,30N,219410,580435,1260,80,
15440,352,19,30N,219330,580430,980,78,O
15440,353,19,30N,219314,580446,1240,50,O
15440,354,19,30N,219408,580508,1050,79,O
15440,355,19,30N,219392,580469,1100,76,O
15440,356,19,30N,219388,580481,1060,76,
15440,357,19,30N,219385,580415,1150,107,O
15440,358,19,30N,219653,580076,1000,88,O
15440,359,19,30N,219352,580306,1150,55,
15440,360,19,30N,219461,580341,1000,110,
15440,361,19,30N,219355,580240,1100,50,
15440,362,19,30N,220531,576962,1080,132,
15440,363,19,30N,220608,577021,1000,125,
15440,364,23,30N,220387,577095,780,94,
15440,365,23,30N,220591,576982,1200,94,O
15440,366,23,30N,220518,577579,1000,76,O
15440,367,23,30N,220189,577814,570,90,O
15440,368,23,30N,220200,577844,980,120,O
15440,369,23,30N,220339,577591,800,85,O
15440,370,23,30N,220100,577530,1400,76,O
15440,371,23,30N,220130,578018,1030,76,
15440,372,23,30N,220200,577806,1470,76,O
15440,373,23,30N,220318,577134,1200,55,
15440,374,23,30N,220327,577969,1350,76,O
15440,375,23,30N,220391,578038,1400,76,O
15440,376,23,30N,221359,577147,1100,76,O
15440,377,23,30N,212118,576390,1200,50,
15440,378,23,30N,212488,576320,1360,55,O
15440,379,23,30N,212566,576466,1170,58,
15440,380,23,30N,212507,576227,1100,90,
15440,381,15,30N,212153,576492,1180,55,O
15440,382,15,30N,212038,576392,1300,82,O
15440,383,15,30N,211424,576239,1100,95,O
15440,384,15,30N,211428,576265,980,100,
15440,385,15,30N,212095,576405,970,135,O
15440,386,15,30N,212095,576418,1000,122,O
15440,387,15,30N,211323,576293,930,96,
15440,388,15,30N,211810,576451,1400,77,
15440,389,15,30N,212062,576370,1100,88,
15440,390,15,30N,212765,578762,1280,117,O
15440,391,15,30N,212784,577645,1000,60,O
15440,392,15,30N,212711,577605,1100,80,O
15440,393,15,30N,212699,577581,1450,76,
15440,394,67,30N,221035,576608,1300,65,O
15440,395,67,30N,215469,576076,1070,85,
15440,396,67,30N,215496,576047,1470,60,O
15440,397,67,30N,215528,575970,1400,80,O
15440,398,67,30N,215525,575979,1200,76,O
15440,399,67,30N,215477,575980,1180,76,O
15440,400,67,30N,215545,576093,1480,76,
15440,401,67,30N,215681,576131,1450,60,O
15440,402,67,30N,215707,576208,800,95,O
15440,403,67,30N,215702,576199,900,125,
15440,404,67,30N,215698,576111,1400,98,
15440,405,67,30N,167733,439216,670,92,
15440,406,67,30N,167866,439267,1400,60,O
15440,407,67,30N,167854,439262,1300,70,O
15440,408,67,30N,167889,439210,1050,108,O
15440,409,67,30N,167894,439281,1100,60,O
15440,410,45,30N,167872,439234,1400,76,O
15440,411,45,30N,167826,439239,1000,55,O
15440,412,45,30N,167848,439261,1400,60,
15440,413,45,30N,167829,439208,1400,60,O
15440,414,45,30N,167847,439209,540,80,O
15440,415,45,30N,167806,439093,1200,60,
15440,416,15,30N,218637,581831,1270,57,
15440,417,15,30N,219350,580693,1500,57,
15440,418,15,30N,212408,576191,1200,57,
15440,419,11,30N,221078,576493,1300,57,O
15440,420,11,30N,215496,576066,1370,60,
15440,421,11,30N,167799,439110,1500,57,
15440,422,9,30N,167861,739211,1200,50,
15440,423,9,30N,168272,439234,1400,50,
15440,424,7,30N,219066,581759,900,57,
15440,425,7,30N,219351,580420,1150,57,
15440,426,7,30N,219288,581029,1300,57,
15440,427,2,30N,212625,576410,1100,57,
