foret,numero,code_essence,zone_h,x,y,lng,dm,lac
14260,1,19,30N,361951,969019,1450,90,
14260,2,19,30N,364161,699718,930,116,O
14260,3,991,30N,386740,698827,1030,57,O
14260,4,52,30N,386738,698825,1340,57,O
14260,5,19,30N,386736,698822,1300,76,O
14260,6,19,30N,386734,698820,1200,76,O
14260,7,19,30N,387567,698679,1400,74,O
14260,8,52,30N,387565,698677,900,58,O
14260,9,19,30N,387564,698675,1500,76,O
14260,10,19,30N,386763,698672,1380,60,O
14260,11,19,30N,362944,698627,1300,90,O
14260,12,52,30N,386748,698614,1430,65,O
14260,13,55,30N,386748,698585,1410,76,O
14260,14,19,30N,362750,698560,1410,78,O
14260,15,19,30N,362974,698557,1370,84,O
14260,16,55,30N,386705,698554,1280,57,O
14260,17,55,30N,386706,698551,1480,57,O
14260,18,19,30N,362758,698520,1260,120,O
14260,19,19,30N,362680,698512,1350,106,O
14260,20,19,30N,362462,698453,1450,102,O
14260,21,19,30N,362436,698437,820,100,O
14260,22,19,30N,362798,698342,1300,76,O
14260,23,19,30N,362433,698305,1400,76,O
14260,24,19,30N,362764,698249,1140,74,O
14260,25,991,30N,387668,698124,1340,67,O
14260,26,19,30N,387666,698122,1500,76,O
14260,27,19,30N,387664,698120,1200,65,O
14260,28,52,30N,387668,698111,1200,70,O
14260,29,19,30N,387660,698109,900,80,O
14260,30,19,30N,387662,698107,1070,130,O
14260,31,ABA,30N,385408,698042,1000,96,O
14260,32,44,30N,385413,698032,1280,57,O
14260,33,19,30N,385872,698025,1400,80,O
14260,34,AKR,30N,385844,698023,1480,57,O
14260,35,24,30N,385822,698022,1500,50,O
14260,36,ESE,30N,385745,698021,1500,58,O
14260,37,19,30N,385842,698020,1150,100,O
14260,38,31,30N,385822,698019,1000,51,O
14260,39,19,30N,385827,698017,1070,105,O
14260,40,IAT,30N,385830,698016,1250,57,O
14260,41,AOU,30N,385829,698013,1480,58,O
14260,42,19,30N,385824,698011,1300,102,O
14260,43,991,30N,385634,698011,1500,60,O
14260,44,ASA,30N,385821,698009,1180,57,O
14260,45,ANB,30N,385704,698008,1380,57,O
14260,46,55,30N,385660,698008,1500,57,O
14260,47,19,30N,385839,698007,1300,70,O
14260,48,19,30N,385819,698005,920,84,O
14260,49,KOD,30N,385836,698003,1200,90,O
14260,50,991,30N,385687,698002,1500,68,O
14260,51,19,30N,385833,698001,1170,60,O
14260,52,991,30N,385486,697997,1250,83,O
14260,53,ABA,30N,385533,697992,930,57,O
14260,54,19,30N,362121,697599,1500,76,O
14260,55,19,30N,362111,697575,940,76,
14260,56,994,30N,362140,697536,1260,80,O
14260,57,19,30N,362144,697525,1320,95,O
14260,58,19,30N,362119,697520,1070,90,O
14260,59,986,30N,362120,697517,1350,57,O
14260,60,994,30N,362130,697511,1000,115,O
14260,61,986,30N,362100,697502,1480,57,
14260,62,991,30N,362241,697265,1340,67,O
14260,63,965,30N,362274,697236,1100,55,O
14260,64,19,30N,362126,697084,1500,76,O
14260,65,991,30N,362170,697049,1200,70,O
14260,66,991,30N,362183,697034,1200,50,O
14260,67,19,30N,362034,696959,1260,84,
14260,68,39,30N,362047,696955,1100,45,
14260,69,19,30N,362164,696942,1400,92,O
14260,70,19,30N,362099,696940,1500,76,
14260,71,991,30N,362077,696932,1380,90,
14260,72,991,30N,362082,696929,930,70,
14260,73,19,30N,362161,696838,950,120,O
14260,74,19,30N,363863,696737,1340,76,O
14260,75,991,30N,362800,696732,1230,57,O
14260,76,19,30N,362001,696722,1060,90,
14260,77,19,30N,362060,696712,1060,90,
14260,78,19,30N,362059,696710,820,90,
14260,79,19,30N,362069,696696,1350,76,
14260,80,24,30N,362803,696691,1500,50,O
14260,81,19,30N,361345,696690,1400,85,
14260,82,ASA,30N,362808,696686,1000,60,O
14260,83,19,30N,362812,696684,920,80,O
14260,84,19,30N,362425,696680,1100,100,O
14260,85,19,30N,362390,696680,800,90,O
14260,86,19,30N,362380,696675,1280,76,O
14260,87,37,30N,361365,696675,1500,57,
14260,88,19,30N,362071,696672,1220,120,
14260,89,995,30N,362106,696671,1500,57,
14260,90,19,30N,362420,696670,1100,57,O
14260,91,37,30N,361363,696668,1390,57,
14260,92,37,30N,361350,696665,1380,57,
14260,93,991,30N,361350,696662,1270,70,
14260,94,19,30N,362402,696661,1390,76,O
14260,95,995,30N,362107,696659,1380,80,
14260,96,19,30N,362381,696657,1100,100,O
14260,97,19,30N,362412,696646,770,90,O
14260,98,24,30N,361379,696646,1500,57,
14260,99,39,30N,361366,696643,1500,57,
14260,100,19,30N,362420,696635,1100,120,O
14260,101,19,30N,362864,696634,1500,80,O
14260,102,19,30N,362416,696628,1200,100,O
14260,103,19,30N,362415,696625,1000,100,O
14260,104,19,30N,362420,696622,1200,80,O
14260,105,19,30N,364052,696611,1000,130,O
14260,106,19,30N,364042,696600,1300,80,O
14260,107,24,30N,362067,696600,1380,65,
14260,108,991,30N,361358,696595,1500,76,
14260,109,19,30N,362570,696585,1340,67,O
14260,110,19,30N,361428,696584,1200,87,
14260,111,19,30N,361368,696584,1310,76,
14260,112,19,30N,361419,696573,1500,76,
14260,113,19,30N,362550,696570,1350,82,O
14260,114,19,30N,362540,696565,1400,77,O
14260,115,24,30N,362057,696560,1270,70,
14260,116,24,30N,362891,696550,1400,55,O
14260,117,IOL,30N,362902,696538,1400,57,O
14260,118,991,30N,361286,696494,1100,60,
14260,119,991,30N,362210,696480,1100,83,O
14260,120,991,30N,361364,696477,1500,57,
14260,121,24,30N,362195,696460,1500,60,O
14260,122,19,30N,362183,696460,1240,118,O
14260,123,19,30N,362489,696451,1200,90,O
14260,124,19,30N,362490,696450,1300,60,O
14260,125,19,30N,362183,696450,1300,76,O
14260,126,19,30N,361525,696450,1130,70,
14260,127,19,30N,362980,696443,1390,77,O
14260,128,19,30N,362530,696440,1280,100,O
14260,129,19,30N,362216,696427,800,80,O
14260,130,19,30N,362505,696415,1470,100,O
14260,131,19,30N,362510,696410,490,85,O
14260,132,19,30N,362388,696408,1200,106,O
14260,133,19,30N,362530,696400,1250,90,O
14260,134,19,30N,362375,696399,1260,103,O
14260,135,19,30N,362390,696390,1350,70,O
14260,136,19,30N,363615,696370,1070,93,O
14260,137,19,30N,363605,696360,1120,60,O
14260,138,19,30N,362192,696360,1350,80,O
14260,139,19,30N,362440,696350,1070,82,O
14260,140,991,30N,362330,696335,1280,70,O
14260,141,24,30N,362315,696325,1060,105,O
14260,142,19,30N,362305,696320,1230,95,O
14260,143,19,30N,362520,696305,1400,78,O
14260,144,24,30N,362412,696288,950,75,O
14260,145,24,30N,362539,696286,1000,50,O
14260,146,19,30N,362296,696285,660,90,O
14260,147,24,30N,362104,696279,1500,57,
14260,148,19,30N,361785,696265,980,80,
14260,149,991,30N,361776,696264,1370,73,
14260,150,19,30N,361765,696262,1180,76,
14260,151,19,30N,361762,696261,1200,70,
14260,152,991,30N,362290,696260,1000,57,O
14260,153,19,30N,362320,696255,1150,76,O
14260,154,19,30N,362415,696250,1070,92,O
14260,155,19,30N,362142,696242,1350,90,O
14260,156,19,30N,362310,696240,1470,76,O
14260,157,991,30N,362388,696222,1400,60,O
14260,158,986,30N,362061,696213,1500,67,
14260,159,965,30N,362377,696209,1200,60,O
14260,160,19,30N,362360,696206,1350,76,O
14260,161,44,30N,362370,696205,1450,65,O
14260,162,24,30N,362366,696204,1440,50,O
14260,163,19,30N,362361,696200,1440,76,O
14260,164,24,30N,362330,696189,1300,60,O
14260,165,991,30N,362333,696182,1050,70,O
14260,166,19,30N,362127,696178,1370,76,O
14260,167,19,30N,362135,696177,760,93,O
14260,168,991,30N,362265,696165,1380,70,O
14260,169,19,30N,362120,696163,1500,76,O
14260,170,19,30N,362262,696161,1000,63,O
14260,171,19,30N,361860,696160,1130,100,
14260,172,19,30N,362100,696158,1280,77,
14260,173,19,30N,362105,696154,1480,60,
14260,174,19,30N,362269,696153,1180,76,O
14260,175,19,30N,362105,696148,1500,76,
14260,176,19,30N,362102,696147,1050,95,
14260,177,19,30N,361895,696141,820,70,
14260,178,19,30N,362099,696140,910,96,
14260,179,19,30N,362925,696125,1160,76,O
14260,180,19,30N,361118,696113,1190,78,
14260,181,19,30N,364001,696057,1070,76,O
14260,182,19,30N,362220,696056,1450,76,O
14260,183,39,30N,361960,696055,1450,55,
14260,184,24,30N,361965,696054,1400,48,
14260,185,19,30N,362214,696049,1070,110,O
14260,186,19,30N,361980,696043,1250,78,
14260,187,19,30N,361987,696037,1230,105,
14260,188,19,30N,361965,696035,900,80,
14260,189,19,30N,363974,696027,1500,76,O
14260,190,19,30N,362000,696027,1170,90,
14260,191,19,30N,363951,696024,1190,100,O
14260,192,19,30N,361421,696010,1000,135,
14260,193,19,30N,361415,696003,1150,115,
14260,194,19,30N,362034,695959,1200,83,
14260,195,19,30N,362164,695942,900,76,O
14260,196,19,30N,362064,695842,1400,100,
14260,197,991,30N,363910,695808,1080,58,O
14260,198,35,30N,363871,695754,1160,57,O
14260,199,19,30N,363878,695748,1450,80,O
14260,200,19,30N,363879,695721,1330,76,O
14260,201,19,30N,362650,695720,940,100,O
14260,202,19,30N,363859,695716,1030,120,O
14260,203,19,30N,363922,695695,1350,65,O
14260,204,55,30N,362694,695695,1300,57,O
14260,205,19,30N,363976,695692,1340,80,O
14260,206,24,30N,362690,695688,1480,50,O
14260,207,19,30N,363854,695687,1330,85,O
14260,208,19,30N,362710,695685,1250,100,O
14260,209,19,30N,362686,695685,1320,95,O
14260,210,19,30N,362780,695675,1280,96,O
14260,211,19,30N,362620,695660,1190,115,O
14260,212,19,30N,362680,695645,900,104,O
14260,213,23,30N,362675,695640,1500,67,O
14260,214,19,30N,363725,695625,1160,115,O
14260,215,33,30N,363730,695620,1300,57,O
14260,216,44,30N,363720,695615,1040,63,O
14260,217,991,30N,363750,695610,1470,60,O
14260,218,19,30N,363710,695600,940,120,O
14260,219,19,30N,363810,695590,1430,79,O
14260,220,24,30N,363680,695590,1240,70,O
14260,221,19,30N,362615,695590,1150,90,O
14260,222,19,30N,362821,695585,1400,76,O
14260,223,965,30N,362605,695575,1500,57,O
14260,224,991,30N,363740,695570,1400,57,O
14260,225,19,30N,362625,695566,1400,76,O
14260,226,991,30N,362550,695564,1480,70,O
14260,227,19,30N,362610,695560,1300,76,O
14260,228,33,30N,362600,695550,900,115,O
14260,229,19,30N,362589,695533,1200,115,O
14260,230,19,30N,362707,695520,1130,92,O
14260,231,19,30N,362690,695490,1400,76,O
14260,232,33,30N,363670,695475,1030,57,O
14260,233,19,30N,362715,695470,1390,62,O
14260,234,19,30N,362489,695421,1290,76,O
14260,235,19,30N,362480,695417,1250,90,O
14260,236,24,30N,362477,695411,1500,50,O
14260,237,19,30N,362686,695399,1430,82,O
14260,238,35,30N,363850,695231,1300,50,O
14260,239,985,30N,363845,695229,1160,50,O
14260,240,985,30N,363580,695210,1500,73,O
14260,241,19,30N,362092,694855,800,84,
14260,242,35,30N,363510,694787,1200,57,O
14260,243,19,30N,362167,694784,1200,105,O
14260,244,23,30N,363085,694776,970,68,O
14260,245,995,30N,363160,694752,1100,100,O
14260,246,44,30N,363470,694662,1500,65,O
14260,247,19,30N,363453,694650,980,105,O
14260,248,19,30N,363460,694636,940,90,O
14260,249,19,30N,363510,694615,1200,88,O
14260,250,19,30N,363500,694610,1180,115,O
14260,251,19,30N,363640,694530,860,85,O
14260,252,19,30N,363665,694525,1350,75,O
14260,253,19,30N,362582,694522,1300,88,O
14260,254,19,30N,363630,694520,1220,90,O
14260,255,19,30N,363625,694520,1330,90,O
14260,256,19,30N,363610,694516,1080,76,O
14260,257,19,30N,363620,694510,1200,68,O
14260,258,19,30N,362603,694509,1100,85,O
14260,259,19,30N,363570,694499,1000,120,O
14260,260,19,30N,362671,694493,1230,115,O
14260,261,19,30N,363590,694488,1300,74,O
14260,262,19,30N,362657,694471,1200,60,O
14260,263,19,30N,363560,694420,900,120,O
14260,264,24,30N,363064,694215,1100,55,O
14260,265,19,30N,363169,694197,1150,105,O
14260,266,19,30N,363170,694196,1500,76,O
14260,267,24,30N,363161,694196,1370,77,O
14260,268,991,30N,363065,694179,1200,90,O
14260,269,19,30N,363157,694169,1500,85,O
14260,270,969,30N,363175,694166,1370,67,O
14260,271,19,30N,363006,694162,1200,59,O
14260,272,991,30N,363062,694156,1400,60,O
14260,273,19,30N,363540,694155,1350,96,O
14260,274,24,30N,363056,694153,1240,50,O
14260,275,969,30N,363163,694152,1400,60,O
14260,276,24,30N,363168,694149,1350,50,O
14260,277,19,30N,363154,694148,1150,110,O
14260,278,ORA,30N,363180,694139,800,50,O
14260,279,19,30N,363160,694138,1500,76,O
14260,280,19,30N,363138,694129,1050,105,O
14260,281,23,30N,363788,694125,1350,67,O
14260,282,995,30N,363160,694122,1000,80,O
14260,283,969,30N,363044,694115,1500,67,O
14260,284,23,30N,363781,694085,900,50,O
14260,285,24,29N,363026,694083,1100,50,O
14260,286,24,30N,363043,694076,1300,68,O
14260,287,24,30N,363085,694073,1500,50,O
14260,288,19,30N,362097,694040,1300,80,
14260,289,19,30N,362093,694038,1400,76,
14260,290,19,30N,362078,694026,1150,105,
14260,291,19,30N,362112,694020,850,85,
14260,292,19,30N,362125,694018,1300,76,O
14260,293,19,30N,362103,694002,600,76,
14260,294,23,30N,363751,693996,1120,90,O
14260,295,23,30N,363749,693992,1320,60,O
14260,296,19,30N,362565,693990,1050,66,O
14260,297,19,30N,362560,693985,1040,130,O
14260,298,991,30N,362541,693980,1170,100,O
14260,299,19,30N,363533,693977,1060,115,O
14260,300,19,30N,363033,693975,1070,67,O
14260,301,991,30N,362538,693974,1000,65,O
14260,302,19,30N,363545,693970,1390,65,O
14260,303,24,30N,362536,693970,1270,54,O
14260,304,23,30N,363838,693960,1440,90,O
14260,305,24,30N,362518,693960,1500,65,O
14260,306,23,30N,363816,693955,1310,67,O
14260,307,24,30N,362510,693950,1200,50,O
14260,308,23,30N,363610,693936,1490,67,O
14260,309,23,30N,363600,693925,1320,67,O
14260,310,23,30N,363801,693911,1370,88,O
14260,311,23,30N,363599,693902,1200,60,O
14260,312,995,30N,363662,693899,500,60,O
14260,313,19,30N,363540,693890,1400,90,O
14260,314,19,30N,361942,693884,1500,76,
14260,315,19,30N,361948,693864,1350,82,
14260,316,23,30N,363714,693859,1220,100,O
14260,317,23,30N,362511,693855,1440,67,O
14260,318,19,30N,362069,693846,1200,76,
14260,319,23,30N,362495,693844,1220,67,O
14260,320,23,30N,363353,693841,1320,68,O
14260,321,23,30N,363635,693835,1230,67,O
14260,322,19,30N,361969,693824,1280,90,
14260,323,23,30N,363618,693820,1090,90,O
14260,324,23,30N,363612,693820,1500,67,O
14260,325,23,30N,363327,693803,920,57,O
14260,326,19,30N,362118,693783,1010,115,
14260,327,19,30N,362091,693777,1050,125,
14260,328,23,30N,362765,693766,1200,50,O
14260,329,995,30N,363353,693729,1400,70,O
14260,330,23,30N,362632,693725,1400,69,O
14260,331,19,30N,362104,693724,1290,76,
14260,332,23,30N,362626,693719,1500,60,O
14260,333,23,30N,363358,693706,1400,67,O
14260,334,23,30N,362630,693688,1370,67,O
14260,335,995,30N,363636,693681,1400,70,O
14260,336,23,30N,362645,693635,1270,67,O
14260,337,23,30N,363120,693633,1350,60,O
14260,338,23,30N,363140,693570,1500,67,O
14260,339,995,30N,362560,693570,1400,58,O
14260,340,19,30N,362555,693566,1020,110,O
14260,341,23,30N,363045,693563,1200,50,O
14260,342,19,30N,362545,693550,1370,77,O
14260,343,23,30N,362440,693547,1400,67,O
14260,344,24,30N,362576,693544,1480,55,O
14260,345,23,30N,362420,693540,1480,67,O
14260,346,44,30N,362564,693538,1480,57,O
14260,347,44,30N,362570,693535,1100,74,O
14260,348,24,30N,362574,693532,1290,60,O
14260,349,23,30N,362475,693517,1490,90,O
14260,350,23,30N,362105,693508,1270,67,
14260,351,23,30N,362107,693480,1500,67,
14260,352,23,30N,362469,693474,1140,100,O
14260,353,23,30N,362185,693459,1100,67,O
14260,354,23,30N,362489,693432,1440,67,O
14260,355,23,30N,362319,693412,1200,67,O
14260,356,23,30N,362310,693408,1400,67,O
14260,357,995,30N,362145,693405,1300,84,O
14260,358,23,30N,362242,693404,1460,67,O
14260,359,23,30N,362320,693402,1350,67,O
14260,360,23,30N,362120,693390,1480,67,O
14260,361,23,30N,362110,693385,1500,67,
14260,362,23,30N,362190,693375,1200,67,O
14260,363,23,30N,362150,693359,1500,67,O
14260,364,23,30N,363092,693166,1340,68,O
14260,365,23,30N,363143,693037,1140,45,O
14260,366,23,30N,362495,692940,1400,65,O
14260,367,23,30N,362493,692935,1400,80,O
14260,368,23,30N,362475,692934,1280,67,O
14260,369,25,30N,363170,692900,1100,57,O
14260,370,995,30N,363138,692866,1480,57,O
14260,371,24,30N,362942,692781,1400,50,O
14260,372,22,30N,362950,692780,1500,58,O
14260,373,19,30N,362930,692766,930,60,O
14260,374,24,30N,362918,692739,1500,50,O
14260,375,25,30N,363183,692730,1480,50,O
14260,376,24,30N,362917,692727,1200,50,O
14260,377,991,30N,363041,692679,1500,75,O
14260,378,19,30N,362837,692675,1320,90,O
14260,379,22,30N,362920,692670,1160,50,O
14260,380,19,30N,362835,692669,1100,78,O
14260,381,995,30N,363112,692664,1300,57,O
14260,382,991,30N,362916,692660,1480,67,O
14260,383,19,30N,362039,692594,1020,110,
14260,384,995,30N,363075,692508,1390,57,O
14260,385,23,30N,363081,692487,1180,86,O
14260,386,23,30N,362183,692408,1400,67,O
14260,387,19,30N,384886,691208,1060,98,O
14260,388,19,30N,384917,691203,1160,100,O
14260,389,19,30N,388522,690945,1020,100,O
14260,390,19,30N,388533,690942,1300,78,O
14260,391,19,30N,388532,690674,1500,76,O
14260,392,19,30N,388890,690526,1050,115,O
14260,393,19,30N,388892,690517,1400,76,O
14260,394,19,30N,388889,690515,1400,78,O
14260,395,ASA,30N,388968,690384,1500,57,O
14260,396,23,30N,388991,690375,1330,67,O
14260,397,19,30N,388997,690367,1500,57,O
14260,398,19,30N,388723,690301,1150,76,O
14260,399,19,30N,388729,690289,700,60,O
14260,400,ASA,30N,388735,690271,1270,57,O
14260,401,19,30N,388736,690269,1400,76,O
14260,402,19,30N,388743,690262,1380,76,O
14260,403,ARI,30N,388744,690260,1100,57,O
14260,404,25,30N,388718,690256,1100,55,O
14260,405,23,30N,388768,690252,1400,68,O
14260,406,995,30N,388757,690246,1060,60,O
14260,407,19,30N,388771,690245,1250,76,O
14260,408,44,30N,388780,690240,1400,57,O
14260,409,44,30N,388788,690235,1100,60,O
14260,410,991,30N,388795,690228,1150,70,O
14260,411,ASA,30N,388796,690224,1500,58,O
14260,412,44,30N,388271,690178,1130,58,O
14260,413,19,30N,388277,690174,1220,76,O
14260,414,19,30N,388279,690161,1220,102,O
14260,415,19,30N,388282,690160,1200,76,O
14260,416,44,30N,389270,690158,1460,57,O
14260,417,23,30N,388274,690158,1500,67,O
14260,418,44,30N,389286,690150,1400,57,O
14260,419,19,30N,389297,690133,990,120,O
14260,420,19,30N,389303,690126,640,76,O
14260,421,995,30N,389298,690123,1200,87,O
14260,422,19,30N,388583,690123,1400,76,O
14260,423,ASA,30N,388589,690122,900,50,O
14260,424,997,30N,388583,690122,1500,57,O
14260,425,45,30N,388582,690122,1280,58,O
14260,426,19,30N,388588,690121,1200,76,O
14260,427,19,30N,388582,690121,1470,76,O
14260,428,ASA,30N,388585,690119,1100,57,O
14260,429,ORA,30N,388579,690119,1270,57,O
14260,430,ASA,30N,388564,690116,1500,57,O
14260,431,19,30N,388569,690108,1390,76,O
14260,432,ADO,30N,388567,690108,1460,58,O
14260,433,19,30N,388564,690106,1150,76,O
14260,434,991,30N,388565,690105,820,62,O
14260,435,19,30N,388569,690102,1380,76,O
14260,436,19,30N,388575,690098,1050,104,O
14260,437,995,30N,388572,690091,1300,67,O
14260,438,44,30N,388577,690089,1320,62,O
14260,439,991,30N,388560,690086,1180,70,O
14260,440,ASA,30N,388558,690086,1480,57,O
14260,441,19,30N,388561,690083,1070,102,O
14260,442,991,30N,388577,690081,900,70,O
14260,443,IAT,30N,388576,690081,1450,75,O
14260,444,991,30N,388710,690080,1440,60,O
14260,445,991,30N,388578,690080,1480,70,O
14260,446,23,30N,388576,690080,1340,50,O
14260,447,45,30N,388708,690079,1500,60,O
14260,448,19,30N,388688,690079,1370,76,O
14260,449,19,30N,388532,690079,1000,90,O
14260,450,44,30N,388709,690078,1240,67,O
14260,451,19,30N,388683,690078,1270,80,O
14260,452,19,30N,388553,690078,1100,90,O
14260,453,19,30N,388551,690078,1200,110,O
14260,454,991,30N,388543,690078,800,63,O
14260,455,19,30N,388775,690077,1170,60,O
14260,456,ABA,30N,388543,690077,1500,58,O
14260,457,19,30N,388576,690076,1170,81,O
14260,458,ASA,30N,388572,690076,1460,57,O
14260,459,52,30N,388539,690075,1100,58,O
14260,460,19,30N,388533,690075,1500,76,O
14260,461,ASA,30N,388577,690073,1500,58,O
14260,462,19,30N,388556,690073,1150,76,O
14260,463,991,30N,388537,690073,740,50,O
14260,464,991,30N,388533,690073,1480,57,O
14260,465,986,30N,388530,690073,1500,60,O
14260,466,ADO,30N,388531,690072,1400,57,O
14260,467,991,30N,388533,690071,1400,70,O
14260,468,ASA,30N,388535,690070,1350,57,O
14260,469,ASA,30N,388571,690069,1500,57,O
14260,470,52,30N,388563,690069,1080,50,O
14260,471,ABA,30N,388551,690069,1500,58,O
14260,472,ASA,30N,388546,690066,1500,57,O
14260,473,991,30N,388557,690065,1440,57,O
14260,474,44,30N,388545,690065,1340,70,O
14260,475,997,30N,388546,690063,1300,57,O
14260,476,19,30N,388561,690026,1100,90,O
14260,477,49,30N,388581,690023,1500,57,O
14260,478,997,30N,386575,689949,1480,57,O
14260,479,44,30N,388982,689847,1360,69,O
14260,480,19,30N,388019,689833,1000,120,O
14260,481,19,30N,386625,689799,1060,75,O
14260,482,19,30N,386603,689798,1400,85,O
14260,483,19,30N,386624,689794,1180,76,O
14260,484,19,30N,386623,689793,1150,95,O
14260,485,991,30N,389601,689791,1100,57,O
14260,486,991,30N,386601,689791,1480,70,O
14260,487,19,30N,386598,689789,1380,76,O
14260,488,23,30N,386596,689785,1320,80,O
14260,489,991,30N,386595,689784,1470,57,O
14260,490,ASA,30N,386602,689772,730,50,O
14260,491,19,30N,364168,689732,1400,80,O
14260,492,19,30N,364165,689727,980,79,O
14260,493,KOD,30N,386431,689707,980,60,O
14260,494,19,30N,386462,689700,1180,91,O
14260,495,19,30N,388433,689695,1320,80,O
14260,496,19,30N,386433,689695,1350,76,O
14260,497,ORA,30N,386443,689693,1480,57,O
14260,498,ORA,30N,286233,689661,1050,60,
14260,499,45,30N,386329,689648,1500,57,O
14260,500,991,30N,386241,689647,1180,55,O
14260,501,KOD,30N,388328,689646,1180,57,O
14260,502,45,30N,386338,689644,1500,60,O
14260,503,23,30N,386339,689642,1500,70,O
14260,504,19,30N,386309,689636,1200,90,O
14260,505,991,30N,386248,689636,1480,70,O
14260,506,19,30N,386620,689635,1300,76,O
14260,507,991,30N,386311,689635,1500,57,O
14260,508,19,30N,386319,689633,1250,76,O
14260,509,25,30N,386318,689630,1500,50,O
14260,510,19,30N,386298,689629,1150,115,O
14260,511,ASA,30N,386297,689629,1430,60,O
14260,512,991,30N,386317,689628,1430,57,O
14260,513,19,30N,386296,689627,1500,58,O
14260,514,991,30N,386799,689624,1480,57,O
14260,515,986,30N,386798,689623,1250,67,O
14260,516,991,30N,386263,689621,1500,60,O
14260,517,991,30N,386803,689615,1380,70,O
14260,518,19,30N,386268,689615,1300,76,O
14260,519,BDI,30N,386788,689611,1480,57,O
14260,520,IAT,30N,386778,689609,1220,57,O
14260,521,991,30N,386773,689608,1440,57,O
14260,522,991,30N,386276,689608,1370,60,O
14260,523,45,30N,286283,689596,1300,57,
14260,524,19,30N,386334,689590,1350,76,O
14260,525,28,30N,386340,689588,1500,61,O
14260,526,19,30N,386335,689583,1300,76,O
14260,527,19,30N,386746,689573,1320,76,O
14260,528,19,30N,386830,689572,1280,77,O
14260,529,19,30N,386732,689569,860,90,O
14260,530,19,30N,386730,689567,1420,65,O
14260,531,19,30N,386840,689566,1380,85,O
14260,532,19,30N,386159,689072,1070,95,O
14260,533,19,30N,386407,688981,1380,76,O
14260,534,44,30N,386393,688981,1430,57,O
14260,535,44,30N,386390,688972,1370,68,O
14260,536,19,30N,386440,688941,920,70,O
14260,537,44,30N,386414,688940,1180,57,O
14260,538,ASA,30N,386366,688918,1500,57,O
14260,539,44,30N,386441,688829,1420,97,O
14260,540,ASA,30N,386362,688802,1500,57,O
14260,541,44,30N,386364,688800,1400,67,O
14260,542,19,30N,386279,688790,1230,76,O
14260,543,44,30N,386471,688702,1450,77,O
14260,544,44,30N,386443,688684,1040,70,O
14260,545,19,30N,364199,688396,980,90,O
14260,546,AKR,30N,364192,688395,1460,70,O
14260,547,19,30N,364195,688370,1300,80,O
14260,548,19,30N,364190,688370,1020,80,O
14260,549,19,30N,364182,688366,1410,60,O
14260,550,19,30N,364185,688360,1350,76,O
14260,551,19,30N,364042,688359,1200,107,O
14260,552,19,30N,364030,688357,1150,90,O
14260,553,19,30N,364180,688355,1410,80,O
14260,554,19,30N,364168,688350,920,70,O
14260,555,19,30N,364174,688348,1000,105,O
14260,556,19,30N,364170,688340,1400,76,O
14260,557,AZD,30N,363898,688323,1480,57,O
14260,558,BA,30N,363896,688321,1100,57,O
14260,559,991,30N,363894,688319,1470,57,O
14260,560,19,30N,363892,688315,1150,105,O
14260,561,991,30N,363890,688315,1350,57,O
14260,562,19,30N,363890,688313,1400,83,O
14260,563,19,30N,363887,688311,1170,96,O
14260,564,19,30N,386302,688237,1410,76,O
14260,565,997,30N,386280,688237,1170,57,O
14260,566,44,30N,386279,688235,1380,57,O
14260,567,991,30N,386680,688200,1500,65,O
14260,568,19,30N,386631,688091,1480,78,O
14260,569,997,30N,386633,688040,1500,57,O
14260,570,995,30N,386442,688034,1230,66,O
14260,571,ASA,30N,386431,688007,1320,40,O
14260,572,19,30N,386670,687956,1100,80,O
14260,573,995,30N,386687,687798,900,57,O
14260,574,ASA,30N,386734,687797,920,57,O
14260,575,19,30N,386686,687771,1380,80,O
14260,576,995,30N,386465,687762,1300,60,O
14260,577,19,30N,388994,687684,1380,80,O
14260,578,ASA,30N,388979,687485,1300,50,O
14260,579,19,30N,388961,687483,1200,76,O
14260,580,19,30N,388977,687480,1500,80,O
14260,581,30,30N,388988,687479,1070,58,O
14260,582,19,30N,388958,687478,1350,76,O
14260,583,19,30N,388987,687477,1350,77,O
14260,584,45,30N,388996,687473,1340,59,O
14260,585,NER,30N,388993,687471,1360,60,O
14260,586,45,30N,388999,687467,1500,50,O
14260,587,997,30N,388916,687414,1250,57,O
14260,588,19,30N,388915,687412,1250,80,O
14260,589,997,30N,388896,687362,1420,64,O
14260,590,19,30N,388899,687359,1300,76,O
14260,591,ORA,30N,388876,687304,1500,58,O
14260,592,ASA,30N,388851,687301,1380,57,O
14260,593,ORA,30N,388855,687278,1480,57,O
14260,594,19,30N,388836,687276,1350,78,O
14260,595,19,30N,388838,687263,1350,77,O
14260,596,19,30N,388835,687256,970,110,O
14260,597,19,30N,388832,687254,1320,76,O
14260,598,ADO,30N,388825,687244,1440,70,O
14260,599,997,30N,388815,687243,1500,60,O
14260,600,ORA,30N,388799,687227,1100,60,O
14260,601,19,30N,388791,687223,1000,76,O
14260,602,19,30N,388789,687219,1170,60,O
14260,603,ASA,30N,388788,687216,1500,57,O
14260,604,19,30N,388794,687214,1380,76,O
14260,605,ASA,30N,388767,687192,1500,57,O
14260,606,19,30N,388757,687191,1060,65,O
14260,607,ASA,30N,388753,687175,1320,58,O
14260,608,19,30N,388753,687171,1090,110,O
14260,609,ASA,30N,388727,687128,1420,57,O
14260,610,EHE,30N,388727,687123,1400,58,O
14260,611,ASA,30N,388179,687112,1500,57,O
14260,612,ORA,30N,388711,687088,1480,70,O
14260,613,44,30N,388704,687067,1500,57,O
14260,614,44,30N,388703,687066,1500,57,O
14260,615,991,30N,388695,687037,1200,90,O
14260,616,19,30N,388692,687024,1500,57,O
14260,617,991,30N,388859,686883,1150,88,O
14260,618,19,30N,389223,686679,1500,76,O
14260,619,991,30N,388813,686197,1300,75,O
14260,620,19,30N,388800,686196,970,113,O
14260,621,19,30N,388809,686192,1430,76,O
14260,622,19,30N,388807,686189,1050,80,O
14260,623,991,30N,388845,686182,1160,57,O
14260,624,19,30N,388734,686163,900,115,O
14260,625,44,30N,388742,686107,1460,57,O
14260,626,19,30N,388740,686105,1380,80,O
14260,627,991,30N,389679,685966,1350,57,O
14260,628,991,30N,389680,685964,1380,58,O
14260,629,991,30N,388862,685885,1300,60,O
14260,630,19,30N,389692,685423,1100,60,O
14260,631,19,30N,389770,685322,1180,85,O
14260,632,23,30N,389772,685309,1300,67,O
14260,633,991,30N,389817,685307,1260,61,O
14260,634,986,30N,389480,685133,1100,66,O
14260,635,44,30N,389698,685083,1240,67,O
14260,636,ORA,30N,389492,685080,1460,57,O
14260,637,19,30N,389593,685049,960,77,O
14260,638,997,30N,389591,685047,1390,57,O
14260,639,45,30N,389191,684995,1500,57,O
14260,640,44,30N,389688,684989,1500,58,O
14260,641,44,30N,389689,684983,1500,61,O
14260,642,19,30N,389678,684971,1100,76,O
14260,643,19,30N,389682,684960,1400,76,O
14260,644,23,30N,389680,684957,1000,68,O
14260,645,991,30N,388987,684889,1500,60,O
14260,646,995,30N,389038,684835,1500,57,O
14260,647,44,30N,389036,684830,1350,57,O
14260,648,23,30N,389809,684809,1420,67,O
14260,649,45,30N,388939,684769,980,50,O
14260,650,44,30N,388952,684752,1400,57,O
14260,651,44,30N,388955,684746,1500,70,O
14260,652,EHE,30N,388776,684745,1400,57,O
14260,653,19,30N,388746,684740,1200,80,O
14260,654,19,30N,388708,684735,1380,77,O
14260,655,44,30N,388685,684726,1360,69,O
14260,656,995,30N,388692,684671,1500,57,O
14260,657,19,30N,388822,684628,600,85,O
14260,658,19,30N,388865,684514,1000,77,O
14260,659,KOS,30N,388858,684509,1400,60,O
14260,660,991,30N,389218,684253,1420,57,O
14260,661,986,30N,389223,684246,1500,65,O
14260,662,991,30N,389218,684246,1450,59,O
14260,663,44,30N,389225,684245,1280,58,O
14260,664,19,30N,389219,684245,1400,76,O
14260,665,19,30N,389218,684244,1480,105,O
14260,666,997,30N,389202,684232,1140,57,O
14260,667,NER,30N,389199,684221,1320,70,O
14260,668,19,30N,389213,684217,1150,60,O
14260,669,44,30N,389126,683999,1500,57,O
14260,670,19,30N,389134,683998,1380,76,O
14260,671,ASA,30N,389118,683990,1500,57,O
14260,672,986,30N,389112,683956,1500,59,O
14260,673,19,30N,389111,683955,970,115,O
14260,674,45,30N,389111,683950,700,57,O
14260,675,19,30N,389130,683948,1300,76,O
14260,676,ASA,30N,388416,683928,1500,58,O
14260,677,ASA,30N,388419,683917,1450,58,O
14260,678,ASA,30N,388438,683905,1480,57,O
14260,679,45,30N,388438,683896,1480,57,O
14260,680,25,30N,388434,683890,1300,57,O
14260,681,19,30N,388504,683164,1500,76,O
14260,682,19,30N,388516,683161,1500,76,O
14260,683,19,30N,388507,683157,1380,60,O
14260,684,25,30N,388509,683149,1200,50,O
14260,685,19,30N,388810,678619,1150,76,O
14260,686,991,30N,388859,656883,1260,70,O
