foret,numero,code_essence,zone_h,x,y,lng,dm,lac
10530,608911,1,29N,567426,812666,800,50,O
10530,608912,1,29N,567426,812666,1400,60,
10530,608913,3,29N,725292,757111,1000,60,
10530,608914,3,29N,740839,762922,1100,68,
10530,608915,3,29N,740839,762922,800,45,
10530,608916,4,29N,567634,813390,1200,62,
10530,608917,4,30N,459077,719811,1200,57,
10530,608918,7,29N,577232,813710,1220,60,O
10530,608919,7,29N,577232,813710,970,43,O
10530,608920,7,29N,577422,813496,1480,60,O
10530,608921,7,29N,578632,813851,1400,65,O
10530,608922,7,29N,578644,813708,1300,70,O
10530,608923,7,30N,567380,812311,1300,60,O
10530,608924,7,29N,577869,813757,430,60,
10530,608925,7,29N,567721,813446,1400,60,O
10530,608926,7,30N,235567,675530,700,60,
10530,608927,7,29N,725274,758624,1250,70,
10530,608928,7,29N,742467,758249,900,60,
10530,608929,8,29N,567254,812509,500,58,O
10530,608930,8,29N,567254,812509,1330,60,
10530,608931,9,30N,459019,717582,1300,57,
10530,608932,9,30N,459574,719894,1100,58,
10530,608933,9,30N,459048,720233,1350,57,
10530,608934,9,30N,459170,719747,1470,57,
10530,608935,11,29N,567219,812603,940,58,O
10530,608936,11,29N,578329,813577,1300,86,O
10530,608937,11,29N,578329,813577,980,71,O
10530,608938,11,29N,578340,813615,1350,72,O
10530,608939,11,29N,578340,813615,950,58,O
10530,608940,11,29N,577605,813386,1500,60,O
10530,608941,11,29N,567228,812480,1500,60,O
10530,608942,11,29N,713720,771342,1000,55,O
10530,608943,11,29N,713684,771209,1400,65,O
10530,608944,11,29N,577635,813557,1480,75,
10530,608945,11,29N,577635,813557,1500,45,
10530,608946,11,29N,577935,813817,1460,60,
10530,608947,11,29N,577835,813817,1500,48,
10530,608948,11,29N,577922,813449,1300,73,
10530,608949,11,29N,577444,813409,1300,68,
10530,608950,11,29N,577444,813409,620,56,
10530,608951,11,29N,567414,812553,1200,68,
10530,608952,11,29N,567475,812592,1500,60,
10530,608953,11,29N,567606,813477,1330,84,
10530,608954,11,29N,567346,813016,1450,60,
10530,608955,11,29N,627092,795106,1330,54,O
10530,608956,11,29N,639650,774107,920,65,
10530,608957,11,29N,639650,774107,1160,82,
10530,608958,11,29N,628787,795490,1470,52,
10530,608959,11,29N,628695,795463,1430,54,
10530,608960,11,29N,628947,795480,1410,78,
10530,608961,11,29N,629003,795535,1330,60,
10530,608962,11,29N,639722,774145,1320,85,
10530,608963,11,29N,639722,774145,1320,64,
10530,608964,11,29N,627344,795296,1440,53,
10530,608965,11,29N,627378,795271,1500,55,
10530,608966,11,29N,627241,794956,1370,72,
10530,608967,11,29N,627241,794956,1170,50,O
10530,608968,11,30N,234562,676304,800,57,
10530,608969,11,30N,235026,673696,1100,57,
10530,608970,11,30N,235144,672805,800,57,O
10530,608971,11,30N,235152,672603,1200,50,
10530,608972,11,30N,235168,672751,1200,60,
10530,608973,11,30N,235386,672158,1000,57,
10530,608974,11,30N,235063,672806,800,57,
10530,608975,11,30N,235067,673175,400,57,
10530,608976,11,30N,235186,672188,1000,57,
10530,608977,11,30N,344504,699938,800,57,
10530,608978,11,30N,494218,829365,1100,57,
10530,608979,11,30N,496865,827110,900,57,
10530,608980,11,30N,493116,828651,1100,52,
10530,608981,11,30N,492924,828343,1000,57,
10530,608982,11,30N,493116,828651,1000,57,
10530,608983,11,30N,493395,829332,910,57,
10530,608984,11,29N,725630,757190,800,70,
10530,608985,11,29N,725702,757449,400,70,
10530,608986,11,29N,725702,757449,1200,50,
10530,608987,11,29N,725482,758368,600,70,
10530,608988,11,29N,725432,758368,1000,50,
10530,608989,11,29N,725248,758634,500,71,
10530,608990,11,29N,725418,758471,800,74,
10530,608991,11,29N,725738,758620,1000,74,
10530,608992,11,29N,725738,758620,1100,63,
10530,608993,11,30N,342822,774572,1400,57,
10530,608994,11,30N,342647,774441,1200,57,
10530,608995,11,29N,739612,762862,1050,70,
10530,608996,11,29N,742544,758251,1100,64,
10530,608997,11,30N,342422,774684,1400,57,
10530,608998,11,29N,742541,758251,900,50,
10530,608999,11,29N,742583,758346,1300,65,
10530,609000,11,30N,305632,780943,950,67,
10530,609001,11,29N,742547,758208,1200,58,
10530,609002,11,30N,471723,757376,1450,71,
10530,609003,11,30N,458482,719133,1330,57,
10530,609004,11,30N,458483,719125,1270,57,
10530,609005,11,30N,459274,719800,1220,57,
10530,609006,11,30N,459583,719890,1200,57,
10530,609007,11,30N,459583,719890,1000,40,
10530,609008,11,30N,459274,719810,1400,57,
10530,609009,11,30N,459111,720251,1400,60,
10530,609010,11,30N,459111,720251,1270,45,
10530,609011,11,30N,459122,720246,1440,57,
10530,609012,11,30N,459128,720262,1400,57,
10530,609013,11,30N,459127,720265,1400,57,
10530,609014,13,29N,578272,813689,1130,52,O
10530,609015,13,29N,578183,813829,1090,50,O
10530,609016,13,29N,578576,813869,1070,51,O
10530,609017,13,29N,578697,813962,1080,64,O
10530,609018,13,29N,578540,813749,1460,60,O
10530,609019,13,29N,567320,812668,1500,60,
10530,609020,13,29N,567421,813045,1500,50,O
10530,609021,13,30N,493723,829337,1100,50,
10530,609022,15,30N,364907,671871,1450,57,O
10530,609023,15,30N,361040,674090,1300,60,O
10530,609024,15,30N,378910,647435,1160,57,O
10530,609025,15,30N,379913,647169,1490,58,O
10530,609026,15,30N,379985,647198,1490,60,O
10530,609027,15,30N,380051,647149,1500,57,O
10530,609028,15,30N,379428,647818,1500,57,
10530,609029,15,29N,628733,794956,1500,87,O
10530,609030,15,29N,627213,794979,1480,96,
10530,609031,15,29N,627213,794979,1180,75,
10530,609032,15,29N,627158,794981,1420,88,
10530,609033,15,29N,627172,794967,1500,60,
10530,609034,15,29N,627158,794981,1070,60,O
10530,609035,15,29N,725276,757112,600,70,
10530,609036,15,29N,725298,757295,500,70,
10530,609037,15,29N,725455,757108,100,72,
10530,609038,15,29N,741551,759967,850,56,
10530,609039,16,29N,567323,812351,1400,52,O
10530,609040,16,29N,567278,812376,1500,50,O
10530,609041,16,29N,578176,813792,1300,50,O
10530,609042,16,29N,578632,813851,640,50,O
10530,609043,16,29N,578535,813837,1400,56,O
10530,609044,16,29N,567458,812363,1500,50,O
10530,609045,16,29N,567458,812363,1300,40,O
10530,609046,16,29N,567424,812361,1500,58,O
10530,609047,16,29N,567424,812361,800,48,O
10530,609048,16,29N,567422,812474,1500,52,O
10530,609049,16,29N,567278,812376,900,40,O
10530,609050,16,29N,713975,771196,1040,60,O
10530,609051,16,29N,713589,771278,1160,55,
10530,609052,16,29N,713589,771278,1000,45,
10530,609053,16,29N,577806,813430,1400,50,
10530,609054,16,29N,577869,813757,1500,54,
10530,609055,16,29N,577648,813443,1500,50,
10530,609056,16,29N,577825,813459,1400,50,
10530,609057,16,29N,577428,813685,1300,55,
10530,609058,16,29N,577428,813685,1300,55,
10530,609059,16,29N,567572,812702,1500,50,
10530,609060,16,29N,567284,812573,1500,54,
10530,609061,16,29N,567302,812550,1500,50,
10530,609062,16,29N,627067,795110,1420,60,O
10530,609063,16,29N,627067,795110,1470,51,O
10530,609064,16,30N,493731,829282,1200,58,
10530,609065,16,29N,742595,758238,1000,52,
10530,609066,16,29N,742532,758243,1050,50,
10530,609067,16,29N,742613,758336,1200,52,
10530,609068,16,29N,742536,758360,900,50,
10530,609069,16,30N,459117,719637,1500,50,
10530,609070,16,30N,459114,719647,1500,50,
10530,609071,16,30N,459133,719250,1240,50,
10530,609072,18,30N,378741,647819,1160,58,O
10530,609073,18,30N,235735,675511,700,70,
10530,609074,18,29N,740728,762867,850,65,
10530,609075,19,30N,583560,607238,1360,100,O
10530,609076,19,30N,360774,675620,1050,94,
10530,609077,19,30N,360754,674557,1500,70,
10530,609078,19,30N,362145,673526,1300,70,O
10530,609079,19,30N,361041,674093,1000,105,O
10530,609080,19,30N,361041,674093,1150,90,O
10530,609081,19,30N,360124,674302,1300,96,O
10530,609082,19,30N,360068,674288,1000,130,O
10530,609083,19,30N,360068,674288,970,100,O
10530,609084,19,30N,360124,674302,1100,75,O
10530,609085,19,30N,583425,607122,1000,105,O
10530,609086,19,30N,583450,607255,1300,100,O
10530,609087,19,30N,583512,607060,1030,70,O
10530,609088,19,30N,583360,607238,1360,100,O
10530,609089,19,30N,583512,607060,1300,90,O
10530,609090,19,30N,583620,607118,1300,84,O
10530,609091,19,30N,360229,674331,980,98,O
10530,609092,19,30N,360229,674331,960,85,O
10530,609093,19,30N,360248,674331,1000,125,O
10530,609094,19,30N,360103,674245,1100,114,O
10530,609095,19,30N,360103,674245,800,99,O
10530,609096,19,30N,360253,674329,1200,91,O
10530,609097,19,30N,583526,607223,1000,100,O
10530,609098,19,30N,583651,607356,830,99,O
10530,609099,19,30N,583714,607561,1350,87,O
10530,609100,19,30N,583913,607842,1270,86,O
10530,609101,19,30N,583029,607020,940,103,O
10530,609102,19,30N,583150,606436,1200,69,O
10530,609103,19,30N,583318,607445,1100,81,O
10530,609104,19,30N,583815,607647,1350,74,O
10530,609105,19,30N,339799,820331,780,112,O
10530,609106,19,30N,338862,819696,1300,106,O
10530,609107,19,30N,338870,819707,1120,95,O
10530,609108,19,30N,198666,788542,550,90,O
10530,609109,19,30N,338986,819789,1050,76,O
10530,609110,19,30N,198676,788511,800,82,O
10530,609111,19,30N,198835,788333,900,95,O
10530,609112,19,30N,198853,788316,900,80,O
10530,609113,19,30N,339867,819708,1056,87,O
10530,609114,19,30N,338893,819774,1300,87,O
10530,609115,19,30N,338896,819768,940,86,O
10530,609116,19,30N,338903,819787,1250,77,O
10530,609117,19,30N,388927,819790,930,90,O
10530,609118,19,30N,338912,819330,950,97,O
10530,609119,19,30N,338756,820199,980,87,O
10530,609120,19,30N,338807,820241,970,79,O
10530,609121,19,30N,338837,820222,1250,88,O
10530,609122,19,30N,338880,820304,1000,79,O
10530,609123,19,30N,583512,607060,1300,90,O
10530,609124,19,30N,583620,607118,1300,84,O
10530,609125,19,30N,338895,820092,1200,89,O
10530,609126,19,30N,338871,812978,1300,86,O
10530,609127,19,30N,338872,819976,1200,85,O
10530,609128,19,30N,198998,797946,900,80,O
10530,609129,19,30N,338777,819225,1040,87,O
10530,609130,19,30N,338775,818799,880,85,O
10530,609131,19,30N,338663,819243,1000,96,O
10530,609132,19,30N,199114,787869,950,95,O
10530,609133,19,30N,199183,787982,1080,90,O
10530,609134,19,30N,338636,819251,840,77,O
10530,609135,19,30N,339931,819727,1140,113,O
10530,609136,19,30N,339962,819707,950,86,O
10530,609137,19,30N,339812,819639,840,92,O
10530,609138,19,30N,339808,820187,900,82,O
10530,609139,19,30N,339987,820157,1000,80,O
10530,609140,19,30N,339886,819745,1000,80,O
10530,609141,19,30N,339599,819244,1000,80,O
10530,609142,19,30N,199269,788081,1000,85,O
10530,609143,19,30N,339959,820466,1000,81,O
10530,609144,19,30N,199267,788078,900,80,O
10530,609145,19,30N,339974,820473,1100,98,O
10530,609146,19,30N,340180,820756,700,85,O
10530,609147,19,30N,199115,787871,600,88,O
10530,609148,19,30N,340172,820715,1156,110,O
10530,609149,19,30N,340209,820816,590,95,O
10530,609150,19,30N,199217,788012,1100,110,O
10530,609151,19,30N,340150,820734,900,105,O
10530,609152,19,30N,339334,820258,1080,86,O
10530,609153,19,30N,199210,786642,1150,80,O
10530,609154,19,30N,339351,820252,900,80,O
10530,609155,19,30N,339335,820248,900,81,O
10530,609156,19,30N,199226,786640,460,125,O
10530,609157,19,30N,339652,820124,1130,102,O
10530,609158,19,30N,199172,786676,460,106,O
10530,609159,19,30N,199231,786611,800,80,O
10530,609160,19,30N,339589,820781,770,86,O
10530,609161,19,30N,199097,786748,1000,108,O
10530,609162,19,30N,339572,820759,970,96,O
10530,609163,19,30N,339579,820767,1080,78,O
10530,609164,19,30N,199045,786817,1260,83,O
10530,609165,19,30N,339541,820734,960,110,O
10530,609166,19,30N,339525,821480,970,77,O
10530,609167,19,30N,198924,786976,1450,108,O
10530,609168,19,30N,339589,820781,770,86,O
10530,609169,19,30N,339572,820759,970,96,O
10530,609170,19,30N,339579,820767,1080,78,O
10530,609171,19,30N,339541,820734,960,110,O
10530,609172,19,30N,339525,821480,970,77,O
10530,609173,19,30N,198968,787039,1200,103,O
10530,609174,19,30N,198982,787331,1100,85,O
10530,609175,19,30N,199000,787349,1080,78,O
10530,609176,19,30N,198959,787318,1000,92,O
10530,609177,19,30N,199172,786676,600,78,O
10530,609178,19,30N,198972,787223,1080,155,O
10530,609179,19,30N,198982,787155,1080,95,O
10530,609180,19,30N,198973,787205,1080,80,O
10530,609181,19,30N,497598,827532,900,120,O
10530,609182,19,30N,497505,827530,1100,94,O
10530,609183,19,30N,497446,827598,870,76,O
10530,609184,19,30N,497390,827577,1040,100,O
10530,609185,19,30N,497491,827532,840,76,O
10530,609186,19,30N,497552,827614,970,119,O
10530,609187,19,30N,497398,827502,950,104,O
10530,609188,19,30N,497536,827543,830,90,O
10530,609189,19,30N,497437,827441,900,95,O
10530,609190,19,30N,497439,827594,900,78,O
10530,609191,19,30N,497434,827506,990,76,O
10530,609192,19,30N,497361,827464,800,94,O
10530,609193,19,30N,497469,827549,830,90,O
10530,609194,19,30N,497375,827652,940,96,O
10530,609195,19,30N,497305,827579,600,98,O
10530,609196,19,30N,497420,827255,870,76,O
10530,609197,19,30N,497257,827349,1070,90,O
10530,609198,19,30N,497526,827518,800,84,O
10530,609199,19,30N,497504,827479,920,80,O
10530,609200,19,30N,497402,827264,1040,76,O
10530,609201,19,30N,497418,827267,970,80,O
10530,609202,19,30N,497401,827250,1100,79,O
10530,609203,19,30N,497502,827417,980,87,O
10530,609204,19,30N,497530,827496,1070,78,O
10530,609205,19,30N,497468,827411,800,76,O
10530,609206,19,30N,497528,827478,940,84,O
10530,609207,19,30N,497437,827441,470,80,O
10530,609208,19,30N,497418,827750,270,104,O
10530,609209,19,30N,497081,827568,870,100,O
10530,609210,19,30N,497155,827545,1070,90,O
10530,609211,19,30N,497234,827505,400,100,O
10530,609212,19,30N,497259,827355,900,84,O
10530,609213,19,30N,497230,827323,970,76,O
10530,609214,19,30N,497234,827505,800,90,O
10530,609215,19,30N,497153,827529,1040,78,O
10530,609216,19,30N,497492,827408,700,80,O
10530,609217,19,30N,378889,647453,1200,90,O
10530,609218,19,30N,497056,827581,840,114,O
10530,609219,19,30N,378824,647387,1200,76,O
10530,609220,19,30N,497307,827483,1000,100,O
10530,609221,19,30N,378927,647388,1400,80,O
10530,609222,19,30N,497274,827304,800,90,O
10530,609223,19,30N,378905,647408,1470,78,O
10530,609224,19,30N,378872,647434,1400,76,O
10530,609225,19,30N,378890,647369,1500,77,O
10530,609226,19,30N,378904,647429,1400,80,O
10530,609227,19,30N,378890,647342,1400,81,O
10530,609228,19,30N,378834,647466,1500,76,O
10530,609229,19,30N,379937,647201,1200,102,O
10530,609230,19,30N,379996,647135,1300,90,O
10530,609231,19,30N,379982,647095,1200,108,O
10530,609232,19,30N,379993,647393,1100,110,O
10530,609233,19,30N,380060,647657,1200,84,O
10530,609234,19,30N,380075,647632,1300,76,O
10530,609235,19,30N,380060,647657,1200,64,O
10530,609236,19,30N,497418,827750,870,120,O
10530,609237,19,30N,497082,827711,940,100,O
10530,609238,19,30N,497361,827678,800,76,O
10530,609239,19,30N,497004,827716,880,108,O
10530,609240,19,30N,497341,827695,940,116,O
10530,609241,19,30N,497218,827520,700,76,O
10530,609242,19,30N,496877,827730,970,100,O
10530,609243,19,30N,496902,827794,840,80,O
10530,609244,19,30N,496864,827933,1000,105,O
10530,609245,19,30N,493952,829261,930,109,O
10530,609246,19,30N,493952,829261,410,87,O
10530,609247,19,30N,493975,829182,400,100,O
10530,609248,19,30N,493975,829182,930,119,O
10530,609249,19,30N,497149,827751,990,76,O
10530,609250,19,30N,497008,827644,960,89,O
10530,609251,19,30N,497013,827626,800,80,O
10530,609252,19,30N,497341,827695,540,90,O
10530,609253,19,30N,497004,827716,400,95,O
10530,609254,19,30N,493882,829399,1130,80,O
10530,609255,19,30N,493922,829157,910,96,O
10530,609256,19,30N,493907,829115,830,83,O
10530,609257,19,30N,493907,829115,1000,70,O
10530,609258,19,30N,493889,829052,790,85,O
10530,609259,19,30N,497479,826897,1000,77,O
10530,609260,19,30N,497488,826939,900,80,O
10530,609261,19,30N,497278,827150,870,76,O
10530,609262,19,30N,497314,827074,300,94,O
10530,609263,19,30N,497358,827100,800,100,O
10530,609264,19,30N,493924,829495,840,92,O
10530,609265,19,30N,493739,829205,810,105,O
10530,609266,19,30N,493754,829245,1080,81,O
10530,609267,19,30N,494250,830400,1130,86,O
10530,609268,19,30N,494244,830466,810,93,O
10530,609269,19,30N,497360,826979,800,110,O
10530,609270,19,30N,494241,830472,740,110,O
10530,609271,19,30N,497350,826920,940,100,O
10530,609272,19,30N,497270,827141,1000,76,O
10530,609273,19,30N,493913,829495,1030,87,O
10530,609274,19,30N,493867,829027,880,100,O
10530,609275,19,30N,494190,829841,1230,78,O
10530,609276,19,30N,493944,829221,920,103,O
10530,609277,19,30N,494216,829830,920,80,O
10530,609278,19,30N,494189,829846,1120,80,O
10530,609279,19,30N,494236,829816,910,84,O
10530,609280,19,30N,494259,829808,540,79,O
10530,609281,19,30N,494115,830165,1070,113,O
10530,609282,19,30N,830233,830233,960,86,O
10530,609283,19,30N,494139,829954,710,94,O
10530,609284,19,30N,494170,829744,1120,84,O
10530,609285,19,30N,494271,829846,920,84,O
10530,609286,19,30N,494194,826817,1010,97,O
10530,609287,19,30N,494134,829961,920,89,O
10530,609288,19,30N,494030,829935,920,80,O
10530,609289,19,30N,494417,829990,830,110,O
10530,609290,19,30N,494033,830226,1100,100,O
10530,609291,19,30N,494126,829626,910,105,O
10530,609292,19,30N,494032,830149,1020,81,O
10530,609293,19,30N,494010,830051,940,78,O
10530,609294,19,30N,494176,829843,770,94,O
10530,609295,19,30N,494513,830083,920,121,O
10530,609296,19,30N,494793,830274,1140,84,O
10530,609297,19,30N,494705,830175,970,83,O
10530,609298,19,30N,493984,829316,900,107,O
10530,609299,19,30N,493984,829316,630,95,O
10530,609300,19,30N,494156,829504,790,110,O
10530,609301,19,30N,493944,829325,870,90,O
10530,609302,19,30N,493953,829243,1210,76,O
10530,609303,19,30N,493863,829446,1040,93,O
10530,609304,19,30N,494072,830178,880,90,O
10530,609305,19,30N,493975,825182,930,119,O
10530,609306,19,30N,493975,829182,400,100,O
10530,609307,19,30N,493952,829261,410,87,O
10530,609308,19,30N,493952,829261,930,109,O
10530,609309,19,29N,714053,771097,1030,130,O
10530,609310,19,29N,714053,771097,1060,115,O
10530,609311,19,29N,714019,771040,1330,80,O
10530,609312,19,29N,713945,771096,1060,85,O
10530,609313,19,29N,713877,771122,1070,120,O
10530,609314,19,29N,713937,771046,750,90,O
10530,609315,19,29N,713937,771046,620,70,O
10530,609316,19,29N,713894,771234,1150,110,O
10530,609317,19,29N,713916,771261,950,130,O
10530,609318,19,29N,713916,771261,920,100,O
10530,609319,19,29N,713928,771236,400,100,O
10530,609320,19,29N,713928,771236,1220,80,O
10530,609321,19,29N,713975,771239,1250,110,O
10530,609322,19,29N,713804,771160,700,90,O
10530,609323,19,29N,713872,771194,940,100,O
10530,609324,19,29N,714129,770996,1040,70,O
10530,609325,19,29N,713585,771257,1150,80,O
10530,609326,19,29N,714127,771421,960,140,
10530,609327,19,29N,714142,771453,1050,120,
10530,609328,19,29N,713566,771128,1170,85,
10530,609329,19,29N,713508,771083,1120,100,
10530,609330,19,29N,714181,771705,300,150,
10530,609331,19,29N,714181,771705,440,130,
10530,609332,19,29N,713540,771294,1230,80,
10530,609333,19,29N,713433,771295,650,80,
10530,609334,19,29N,714181,771705,1050,140,
10530,609335,19,29N,714195,771682,1200,100,
10530,609336,19,29N,714195,771682,600,80,
10530,609337,19,29N,714110,771626,400,80,
10530,609338,19,30N,714195,771682,980,140,
10530,609339,19,30N,714110,771626,1140,100,
10530,609340,19,29N,714136,771618,550,80,
10530,609341,19,29N,714225,771650,430,100,
10530,609342,19,30N,379438,647851,1380,90,
10530,609343,19,30N,379427,647869,1400,76,
10530,609344,19,30N,379450,647828,1200,100,
10530,609345,19,30N,379482,647852,1500,78,
10530,609346,19,30N,379433,647872,1200,100,
10530,609347,19,30N,379433,647872,990,70,
10530,609348,19,29N,639792,774092,1080,109,O
10530,609349,19,29N,639845,774054,1050,96,O
10530,609350,19,29N,639845,774054,1100,76,O
10530,609351,19,29N,639620,773775,1070,85,O
10530,609352,19,29N,639732,774092,1230,85,O
10530,609353,19,29N,639058,774069,1360,77,
10530,609354,19,29N,628787,795428,1340,80,
10530,609355,19,29N,628775,795420,840,74,
10530,609356,19,29N,628789,795473,1050,77,
10530,609357,19,29N,628789,795473,1010,94,
10530,609358,19,29N,628770,795487,1240,70,
10530,609359,19,29N,628773,795487,1050,75,
10530,609360,19,29N,628700,795485,1150,80,
10530,609361,19,29N,628763,795468,970,77,
10530,609362,19,29N,628951,795446,1210,114,
10530,609363,19,29N,628951,795446,590,88,
10530,609364,19,29N,628969,795449,1200,73,
10530,609365,19,29N,639631,774133,1040,125,
10530,609366,19,29N,639766,774036,1400,77,
10530,609367,19,29N,639780,774003,1180,109,
10530,609368,19,29N,639696,774181,1000,140,
10530,609369,19,29N,638783,773232,1000,148,O
10530,609370,19,29N,638783,773232,1000,126,O
10530,609371,19,29N,629169,795497,1250,80,O
10530,609372,19,29N,629129,795461,1360,92,O
10530,609373,19,29N,627497,795489,1350,84,O
10530,609374,19,29N,627648,795563,1400,94,O
10530,609375,19,29N,627523,795528,810,75,O
10530,609376,19,29N,627544,795544,670,88,O
10530,609377,19,29N,627544,795534,1500,80,O
10530,609378,19,29N,627753,795653,950,80,O
10530,609379,19,29N,627689,795652,1110,82,O
10530,609380,19,29N,638336,773758,1300,134,
10530,609381,19,29N,638344,773684,1170,115,
10530,609382,19,29N,638336,773758,520,98,
10530,609383,19,29N,638343,773033,1010,100,
10530,609384,19,29N,638358,773068,1040,77,
10530,609385,19,29N,638374,773278,1170,93,
10530,609386,19,29N,639300,773539,1100,146,
10530,609387,19,29N,639522,773543,1200,100,
10530,609388,19,29N,639676,774008,1000,139,
10530,609389,19,29N,639676,774008,1030,110,
10530,609390,19,30N,234537,676020,900,130,O
10530,609391,19,30N,234700,676278,1200,76,O
10530,609392,19,30N,234934,676782,1100,90,O
10530,609393,19,30N,233841,676172,800,76,O
10530,609394,19,30N,233859,676618,700,76,
10530,609395,19,30N,234419,675984,900,115,
10530,609396,19,30N,234214,676119,400,76,
10530,609397,19,30N,234901,674250,800,100,
10530,609398,19,30N,234938,674226,1100,80,
10530,609399,19,30N,234976,674424,1100,76,
10530,609400,19,30N,235076,674198,1500,76,
10530,609401,19,30N,234916,673991,1100,80,
10530,609402,19,30N,235053,674380,800,76,
10530,609403,19,30N,234969,674364,900,76,
10530,609404,19,30N,234854,674202,1300,77,
10530,609405,19,30N,235078,674195,200,100,
10530,609406,19,30N,234998,674429,700,76,
10530,609407,19,30N,235472,673904,400,80,
10530,609408,19,30N,235472,673904,400,70,
10530,609409,19,30N,235567,673889,1100,87,
10530,609410,19,30N,235551,679967,1000,76,
10530,609411,19,30N,235631,673996,800,76,
10530,609412,19,30N,235276,673838,1100,110,
10530,609413,19,30N,235438,673952,1000,76,
10530,609414,19,30N,235525,673886,1100,77,
10530,609415,19,30N,235597,673985,800,76,
10530,609416,19,30N,235322,674124,1100,77,
10530,609417,19,30N,235519,673914,500,100,
10530,609418,19,30N,235138,673728,1200,90,
10530,609419,19,30N,235134,673914,1400,80,
10530,609420,19,30N,235511,673904,800,76,
10530,609421,19,30N,235518,673912,1100,76,
10530,609422,19,29N,235542,673918,800,76,
10530,609423,19,30N,235138,673728,200,85,O
10530,609424,19,30N,235595,673472,500,76,O
10530,609425,19,30N,235035,672745,1100,110,O
10530,609426,19,30N,235179,672932,1000,100,O
10530,609427,19,30N,235350,673024,1000,76,O
10530,609428,19,30N,235336,673089,1300,85,O
10530,609429,19,30N,235398,673149,900,76,O
10530,609430,19,30N,235159,672586,1200,80,O
10530,609431,19,30N,235035,672745,600,78,O
10530,609432,19,30N,235386,672735,1100,80,O
10530,609433,19,30N,235322,672730,800,80,O
10530,609434,19,30N,235151,672602,700,76,O
10530,609435,19,30N,235210,672496,1100,76,O
10530,609436,19,30N,235274,672673,800,76,
10530,609437,19,30N,235280,672538,1100,76,
10530,609438,19,30N,234680,672466,900,110,
10530,609439,19,30N,234678,672467,1000,76,
10530,609440,19,30N,234663,672465,800,76,
10530,609441,19,30N,234680,672467,700,90,
10530,609442,19,30N,235352,672113,1000,76,
10530,609443,19,30N,234661,672469,1000,76,
10530,609444,19,30N,235134,672755,700,90,
10530,609445,19,30N,234576,672280,400,180,
10530,609446,19,30N,234576,672280,900,80,
10530,609447,19,30N,234638,672166,200,76,
10530,609448,19,30N,235281,673342,200,77,
10530,609449,19,30N,235281,673342,1300,68,
10530,609450,19,30N,234545,672378,900,120,
10530,609451,19,30N,235883,675570,900,130,
10530,609452,19,30N,235740,675457,1100,79,
10530,609453,19,30N,235025,675474,1300,76,
10530,609454,19,30N,235883,675570,900,120,
10530,609455,19,30N,235736,675490,1000,76,
10530,609456,19,30N,235692,675554,1100,76,
10530,609457,19,30N,235708,675593,900,76,
10530,609458,19,30N,235504,675682,1200,90,
10530,609459,19,30N,235008,675484,800,76,
10530,609460,19,30N,235524,675573,900,76,
10530,609461,19,30N,235453,675223,800,76,
10530,609462,19,30N,235417,671772,900,100,
10530,609463,19,30N,235474,675675,1100,76,
10530,609464,19,30N,235783,675492,700,76,
10530,609465,19,30N,235672,675221,400,76,
10530,609466,19,30N,235418,675172,800,77,
10530,609467,19,30N,235114,675970,700,76,
10530,609468,19,30N,235748,675588,1100,90,
10530,609469,19,30N,344498,699946,800,76,
10530,609470,19,30N,344598,699860,700,76,
10530,609471,19,30N,344597,699855,540,76,
10530,609472,19,30N,344612,699851,400,76,
10530,609473,19,30N,344557,699804,900,76,
10530,609474,19,30N,344558,704790,600,76,
10530,609475,19,30N,344559,704759,700,76,
10530,609476,19,30N,344619,704767,800,76,
10530,609477,19,30N,344616,704764,500,76,
10530,609478,19,30N,344620,704746,900,76,
10530,609479,19,30N,344651,704757,400,76,
10530,609480,19,30N,344549,704780,710,76,
10530,609481,19,30N,344649,704752,400,76,
10530,609482,19,30N,344591,704804,600,76,
10530,609483,19,30N,344665,704806,900,76,
10530,609484,19,30N,344554,704807,640,76,
10530,609485,19,30N,344541,704803,800,76,
10530,609486,19,30N,493699,829306,870,80,
10530,609487,19,30N,493670,829346,1160,81,
10530,609488,19,30N,493756,829128,870,90,
10530,609489,19,30N,493771,829062,1000,78,
10530,609490,19,30N,493735,829002,1080,76,
10530,609491,19,30N,493661,829449,840,80,
10530,609492,19,30N,493629,829449,970,100,
10530,609493,19,30N,493829,829649,890,101,
10530,609494,19,30N,493746,829649,840,83,
10530,609495,19,30N,493790,829619,1030,95,
10530,609496,19,30N,493683,829648,970,82,
10530,609497,19,30N,493730,829330,1200,57,
10530,609498,19,30N,493779,829118,640,120,
10530,609499,19,30N,493735,829424,900,87,
10530,609500,19,30N,493747,829225,870,78,
10530,609501,19,30N,493814,829157,830,80,
10530,609502,19,30N,493727,829577,900,100,
10530,609503,19,30N,493931,829535,1000,77,
10530,609504,19,30N,494362,829121,810,104,
10530,609505,19,30N,494270,829171,850,113,
10530,609506,19,30N,494270,829171,340,90,
10530,609507,19,30N,494346,829130,540,70,
10530,609508,19,30N,493325,829174,1020,85,
10530,609509,19,30N,494346,829130,810,83,
10530,609510,19,30N,494233,829341,900,98,
10530,609511,19,30N,494443,829414,1040,92,
10530,609512,19,30N,494435,829435,910,80,
10530,609513,19,30N,494344,829439,870,94,
10530,609514,19,30N,493815,829222,720,95,
10530,609515,19,30N,494393,829571,850,96,
10530,609516,19,30N,494434,829343,1080,84,
10530,609517,19,30N,493975,829204,1000,57,
10530,609518,19,30N,493815,829222,820,107,
10530,609519,19,30N,493815,829222,400,87,
10530,609520,19,30N,493838,829347,500,90,
10530,609521,19,30N,494239,829321,790,93,
10530,609522,19,30N,217807,737472,1100,110,
10530,609523,19,30N,217789,737518,1000,103,
10530,609524,19,30N,217800,737722,1100,125,
10530,609525,19,30N,217344,737488,1480,79,
10530,609526,19,30N,217837,737480,1100,80,
10530,609527,19,30N,217757,737669,1150,77,
10530,609528,19,30N,217378,737574,1860,78,
10530,609529,19,30N,217667,737704,1300,80,
10530,609530,19,30N,217427,737432,1050,90,
10530,609531,19,30N,217690,737617,1050,115,
10530,609532,19,30N,217647,737602,1100,110,
10530,609533,19,30N,217691,737793,1180,90,
10530,609534,19,30N,217720,737741,1250,110,
10530,609535,19,30N,217874,737593,1000,130,
10530,609536,19,30N,217929,737572,1000,119,
10530,609537,19,30N,217676,737521,1000,91,
10530,609538,19,30N,218028,737196,1100,147,
10530,609539,19,30N,218159,737074,1200,127,
10530,609540,19,30N,218181,737104,1100,130,
10530,609541,19,30N,218159,737074,1000,85,
10530,609542,19,30N,218159,737074,1100,160,
10530,609543,19,30N,218181,737104,1000,107,
10530,609544,19,30N,218225,737238,1300,120,
10530,609545,19,30N,218284,737302,1500,79,
10530,609546,19,30N,218098,736881,400,146,
10530,609547,19,30N,218098,736881,400,110,
10530,609548,19,30N,218098,736881,900,150,
10530,609549,19,30N,217892,737635,1000,96,
10530,609550,19,30N,217878,737703,1000,84,
10530,609551,19,30N,497178,826768,900,104,
10530,609552,19,30N,497298,826933,1000,76,
10530,609553,19,30N,497407,827336,500,80,
10530,609554,19,30N,497495,827168,870,100,
10530,609555,19,30N,497670,827014,1460,83,
10530,609556,19,30N,497578,826969,1040,77,
10530,609557,19,30N,497463,826801,800,81,
10530,609558,19,30N,497182,826756,900,76,
10530,609559,19,30N,497161,826725,840,80,
10530,609560,19,30N,497161,826725,840,80,
10530,609561,19,30N,497677,827625,970,96,
10530,609562,19,30N,497559,827510,400,98,
10530,609563,19,30N,497308,827758,900,114,
10530,609564,19,30N,497426,827746,810,76,
10530,609565,19,30N,497482,826889,600,78,
10530,609566,19,30N,496893,827884,800,84,
10530,609567,19,30N,497058,827796,900,80,
10530,609568,19,30N,497058,827796,900,80,
10530,609569,19,30N,496848,827840,700,80,
10530,609570,19,30N,496797,828033,900,110,
10530,609571,19,30N,496857,828289,970,105,
10530,609572,19,30N,496857,828289,300,76,
10530,609573,19,30N,496771,828128,700,77,
10530,609574,19,30N,496832,828296,970,76,
10530,609575,19,30N,496840,828262,860,77,
10530,609576,19,30N,496982,828268,940,86,
10530,609577,19,30N,496964,828271,900,80,
10530,609578,19,30N,496970,827334,840,116,
10530,609579,19,30N,496940,827471,940,100,
10530,609580,19,30N,496814,827645,600,80,
10530,609581,19,30N,496845,827531,900,110,
10530,609582,19,30N,496845,827531,500,106,
10530,609583,19,30N,496806,827647,1070,100,
10530,609584,19,30N,497050,827035,1070,79,
10530,609585,19,30N,497056,827022,970,76,
10530,609586,19,30N,497068,827026,900,80,
10530,609587,19,30N,497098,827036,870,78,
10530,609588,19,30N,496826,827081,920,77,
10530,609589,19,30N,496835,826988,700,87,
10530,609590,19,30N,496839,827248,500,90,
10530,609591,19,30N,496676,827604,900,84,
10530,609592,19,30N,497039,827184,1070,76,
10530,609593,19,30N,496875,827269,800,82,
10530,609594,19,30N,199188,786607,1280,130,
10530,609595,19,30N,199205,786525,1080,92,
10530,609596,19,30N,199187,786525,1080,130,
10530,609597,19,30N,344448,703843,1240,76,
10530,609598,19,30N,344425,703833,1410,76,
10530,609599,19,30N,199220,786611,1200,110,
10530,609600,19,30N,344506,703657,1040,80,
10530,609601,19,30N,199222,786614,950,85,
10530,609602,19,30N,344363,703852,900,76,
10530,609603,19,30N,344535,703618,710,76,
10530,609604,19,30N,344491,703605,700,76,
10530,609605,19,30N,199206,786597,1300,100,
10530,609606,19,30N,344491,703605,630,60,
10530,609607,19,30N,199229,786626,1080,90,
10530,609608,19,30N,199205,786556,1080,80,
10530,609609,19,30N,344467,703621,1000,76,
10530,609610,19,30N,344754,703916,550,76,
10530,609611,19,30N,344754,703916,1340,50,
10530,609612,19,30N,199369,785315,940,132,
10530,609613,19,30N,344549,703628,1020,80,
10530,609614,19,30N,199349,785326,1060,102,
10530,609615,19,30N,344405,703603,640,76,
10530,609616,19,30N,199348,785337,1160,90,
10530,609617,19,30N,344820,703895,800,76,
10530,609618,19,30N,199352,785345,1080,90,
10530,609619,19,30N,344791,703897,700,76,
10530,609620,19,30N,199339,785359,1080,80,
10530,609621,19,30N,344785,703920,1000,76,
10530,609622,19,30N,344506,703657,860,60,
10530,609623,19,30N,344535,703618,740,50,
10530,609624,19,30N,199321,785366,820,80,
10530,609625,19,30N,344845,703827,900,76,
10530,609626,19,30N,199303,785375,1200,78,
10530,609627,19,30N,344476,703660,900,76,
10530,609628,19,30N,344445,703971,710,76,
10530,609629,19,30N,344445,703971,840,40,
10530,609630,19,30N,344898,703958,500,76,
10530,609631,19,30N,344758,703908,800,76,
10530,609632,19,30N,344760,703901,640,76,
10530,609633,19,30N,377518,736919,800,76,
10530,609634,19,30N,337493,736951,800,96,
10530,609635,19,30N,337494,736992,600,88,
10530,609636,19,30N,337497,736998,1000,76,
10530,609637,19,30N,343523,704042,1000,76,
10530,609638,19,30N,343530,704039,1140,76,
10530,609639,19,30N,343530,704039,550,50,
10530,609640,19,30N,343582,704039,1140,76,
10530,609641,19,30N,343610,704042,640,76,
10530,609642,19,30N,199321,785366,530,76,
10530,609643,19,30N,199278,785385,1380,80,
10530,609644,19,30N,337032,737335,900,76,
10530,609645,19,30N,337030,737333,600,78,
10530,609646,19,30N,199262,785394,1300,80,
10530,609647,19,30N,337058,737303,1100,76,
10530,609648,19,30N,337057,737289,800,76,
10530,609649,19,30N,337071,737330,1100,77,
10530,609650,19,30N,337125,737309,700,77,
10530,609651,19,30N,336646,737380,900,90,
10530,609652,19,30N,199245,785404,1080,105,
10530,609653,19,30N,336578,737345,1000,76,
10530,609654,19,30N,336695,737458,900,100,
10530,609655,19,30N,337132,737291,900,76,
10530,609656,19,30N,337230,737414,900,76,
10530,609657,19,30N,337295,737372,600,76,
10530,609658,19,30N,337324,737378,900,77,
10530,609659,19,30N,337377,737368,900,77,
10530,609660,19,30N,337372,737483,800,76,
10530,609661,19,30N,336946,735911,550,76,
10530,609662,19,30N,336955,735874,900,77,
10530,609663,19,30N,336926,735894,900,76,
10530,609664,19,30N,336872,735920,900,78,
10530,609665,19,30N,336766,735875,1060,77,
10530,609666,19,30N,336731,735925,900,90,
10530,609667,19,30N,336731,735925,400,76,
10530,609668,19,30N,336696,735987,1000,76,
10530,609669,19,30N,199242,785408,1380,86,
10530,609670,19,30N,199258,785412,1080,92,
10530,609671,19,30N,199277,785406,1150,98,
10530,609672,19,30N,199290,785400,900,82,
10530,609673,19,30N,336760,735779,920,76,
10530,609674,19,30N,336801,735764,800,76,
10530,609675,19,30N,336806,735787,810,76,
10530,609676,19,30N,336776,735697,700,76,
10530,609677,19,30N,336742,735716,600,76,
10530,609678,19,30N,336740,735721,850,76,
10530,609679,19,30N,199186,785412,1400,80,
10530,609680,19,30N,199135,785400,1380,82,
10530,609681,19,30N,336743,735721,840,76,
10530,609682,19,30N,336636,735671,1000,77,
10530,609683,19,30N,336635,735672,900,76,
10530,609684,19,30N,336637,735877,800,76,
10530,609685,19,30N,336735,735825,770,77,
10530,609686,19,30N,337073,736895,1000,77,
10530,609687,19,30N,337118,736881,1000,76,
10530,609688,19,30N,337148,736837,600,76,
10530,609689,19,30N,337151,736831,800,76,
10530,609690,19,30N,337382,736770,1000,76,
10530,609691,19,30N,337381,736779,600,76,
10530,609692,19,30N,199106,785402,1280,95,
10530,609693,19,30N,199096,785395,550,80,
10530,609694,19,30N,199049,785379,780,78,
10530,609695,19,30N,337359,736802,700,76,
10530,609696,19,30N,199049,785379,900,100,
10530,609697,19,30N,337401,736812,1000,77,
10530,609698,19,30N,199017,785362,1380,85,
10530,609699,19,30N,337442,736861,900,76,
10530,609700,19,30N,199017,785362,1380,85,
10530,609701,19,30N,337466,736856,600,76,
10530,609702,19,30N,337510,736863,1000,76,
10530,609703,19,30N,199096,785395,680,78,
10530,609704,19,30N,198974,785364,1080,81,
10530,609705,19,30N,198933,785373,1080,82,
10530,609706,19,30N,198902,785375,1080,115,
10530,609707,19,30N,198906,785379,1200,116,
10530,609708,19,30N,337539,736829,800,76,
10530,609709,19,30N,198866,785380,530,100,
10530,609710,19,30N,198866,785380,800,78,
10530,609711,19,30N,336840,736517,700,76,
10530,609712,19,30N,336858,736537,1000,76,
10530,609713,19,30N,336843,736544,900,78,
10530,609714,19,30N,336849,736553,800,76,
10530,609715,19,30N,336421,736573,900,76,
10530,609716,19,30N,314125,777366,1000,86,
10530,609717,19,30N,313975,777276,990,83,
10530,609718,19,30N,313990,777215,1000,80,
10530,609719,19,30N,314276,7774024,540,85,
10530,609720,19,30N,314326,777367,1080,80,
10530,609721,19,30N,314229,777361,1080,82,
10530,609722,19,30N,314893,778210,1080,85,
10530,609723,19,30N,314825,778045,540,85,
10530,609724,19,30N,314830,778047,840,77,
10530,609725,19,30N,314868,778073,810,76,
10530,609726,19,30N,314798,777998,810,77,
10530,609727,19,30N,314778,777993,610,76,
10530,609728,19,30N,314775,777990,900,77,
10530,609729,19,30N,314762,777963,810,78,
10530,609730,19,30N,314764,7779907,810,77,
10530,609731,19,30N,314797,777899,800,76,
10530,609732,19,30N,314782,777845,1000,77,
10530,609733,19,30N,314764,777851,810,78,
10530,609734,19,30N,314883,778068,540,76,
10530,609735,19,30N,315423,778881,1080,79,
10530,609736,19,30N,315477,778921,810,80,
10530,609737,19,30N,315478,778873,1060,76,
10530,609738,19,30N,315487,778870,500,79,
10530,609739,19,30N,315401,778757,1080,77,
10530,609740,19,30N,315401,778757,400,80,
10530,609741,19,30N,315536,778934,500,80,
10530,609742,19,30N,315487,779041,810,77,
10530,609743,19,30N,315491,779105,810,76,
10530,609744,19,30N,315525,778915,900,77,
10530,609745,19,30N,315437,779154,540,77,
10530,609746,19,30N,315434,779226,810,76,
10530,609747,19,30N,315532,779200,810,76,
10530,609748,19,30N,315576,779274,810,76,
10530,609749,19,30N,315576,779280,600,78,
10530,609750,19,30N,315608,779244,540,78,
10530,609751,19,30N,315770,779444,810,76,
10530,609752,19,30N,315797,779488,810,77,
10530,609753,19,30N,315801,779470,810,76,
10530,609754,19,30N,315532,779441,1080,79,
10530,609755,19,30N,315594,779234,700,82,
10530,609756,19,30N,315305,779347,710,76,
10530,609757,19,30N,315306,779375,910,77,
10530,609758,19,30N,315330,779387,810,76,
10530,609759,19,30N,315951,779526,500,80,
10530,609760,19,30N,315921,771619,810,76,
10530,609761,19,30N,411603,845953,810,80,
10530,609762,19,30N,411613,845955,920,76,
10530,609763,19,30N,411633,845939,900,76,
10530,609764,19,30N,411562,845862,400,76,
10530,609765,19,30N,411532,845841,870,76,
10530,609766,19,30N,411427,846029,1100,76,
10530,609767,19,30N,412023,846665,600,76,
10530,609768,19,30N,411961,846141,870,76,
10530,609769,19,30N,411957,846189,1090,76,
10530,609770,19,30N,411975,846140,610,76,
10530,609771,19,30N,412013,846040,1100,110,
10530,609772,19,30N,411950,846010,850,76,
10530,609773,19,30N,408980,846432,1010,80,
10530,609774,19,30N,408940,846264,1310,77,
10530,609775,19,30N,408924,846304,980,100,
10530,609776,19,30N,408924,846304,400,76,
10530,609777,19,30N,408940,846279,1100,90,
10530,609778,19,30N,408909,846365,1210,85,
10530,609779,19,30N,408760,846581,1320,95,
10530,609780,19,30N,409886,846433,1000,80,
10530,609781,19,30N,408906,866295,1050,77,
10530,609782,19,30N,408780,846433,870,78,
10530,609783,19,30N,408825,846595,820,90,
10530,609784,19,30N,408925,846686,1200,76,
10530,609785,19,30N,409869,846439,1000,76,
10530,609786,19,30N,409195,845280,1210,80,
10530,609787,19,30N,409174,846262,970,77,
10530,609788,19,30N,409216,846310,1090,90,
10530,609789,19,30N,493108,828578,840,96,
10530,609790,19,30N,492897,828331,810,102,
10530,609791,19,30N,493244,828473,540,100,
10530,609792,19,30N,493115,828545,690,76,
10530,609793,19,30N,492879,828349,1040,78,
10530,609794,19,30N,492913,828528,810,80,
10530,609795,19,30N,493122,828481,460,100,
10530,609796,19,30N,492879,828382,770,80,
10530,609797,19,30N,493108,828561,920,80,
10530,609798,19,30N,492853,828346,770,80,
10530,609799,19,30N,492854,828397,1000,76,
10530,609800,19,30N,493257,828476,920,77,
10530,609801,19,30N,493430,829067,790,95,
10530,609802,19,30N,493428,829000,820,123,
10530,609803,19,30N,493223,828860,770,94,
10530,609804,19,30N,493257,828476,920,77,
10530,609805,19,30N,493428,829000,310,110,
10530,609806,19,30N,493458,829086,470,104,
10530,609807,19,30N,493438,829159,1080,86,
10530,609808,19,30N,493473,829295,1050,80,
10530,609809,19,30N,493295,829260,1120,76,
10530,609810,19,30N,493381,829223,1070,76,
10530,609811,19,30N,493316,829187,820,76,
10530,609812,19,30N,493469,829287,640,81,
10530,609813,19,30N,493438,829237,610,82,
10530,609814,19,30N,492673,829009,730,76,
10530,609815,19,30N,492730,828998,1150,81,
10530,609816,19,30N,492813,829005,840,76,
10530,609817,19,30N,493493,829183,870,80,
10530,609818,19,30N,493381,829289,820,76,
10530,609819,19,30N,493475,829736,720,104,
10530,609820,19,30N,493278,829305,1000,76,
10530,609821,19,30N,493078,829156,880,98,
10530,609822,19,30N,493105,828986,920,76,
10530,609823,19,30N,493051,829131,1020,80,
10530,609824,19,30N,493163,829188,370,82,
10530,609825,19,30N,492997,828870,870,88,
10530,609826,19,30N,493086,828926,910,94,
10530,609827,19,30N,493094,829088,540,81,
10530,609828,19,29N,725157,756907,500,80,
10530,609829,19,29N,725762,757343,500,80,
10530,609830,19,29N,725726,757420,1100,82,
10530,609831,19,29N,725788,757494,1400,84,
10530,609832,19,30N,725847,757221,500,81,
10530,609833,19,29N,725824,757170,800,80,
10530,609834,19,29N,725838,757241,750,80,
10530,609835,19,29N,725727,757230,550,82,
10530,609836,19,29N,725247,758682,900,83,
10530,609837,19,29N,725247,758682,1050,77,
10530,609838,19,29N,725247,758680,1250,90,
10530,609839,19,29N,725722,758637,1150,92,
10530,609840,19,29N,725834,758404,1050,85,
10530,609841,19,29N,725803,758413,600,87,
10530,609842,19,29N,739540,762905,1100,100,
10530,609843,19,29N,739530,762901,1000,95,
10530,609844,19,29N,739530,762901,500,65,
10530,609845,19,30N,342807,774464,1300,76,
10530,609846,19,30N,342843,774495,1300,76,
10530,609847,19,29N,741338,759942,800,80,
10530,609848,19,30N,342649,774699,1300,80,
10530,609849,19,30N,342725,774175,1040,76,
10530,609850,19,30N,342436,774239,1040,110,
10530,609851,19,29N,739540,762905,900,65,
10530,609852,19,29N,739846,762912,1000,76,
10530,609853,19,29N,739782,762876,1050,82,
10530,609854,19,30N,342141,774613,1040,85,
10530,609855,19,30N,342141,774613,780,79,
10530,609856,19,30N,342727,774175,1040,76,
10530,609857,19,30N,342651,774159,1040,77,
10530,609858,19,30N,305370,780768,1400,98,
10530,609859,19,30N,305443,780688,1300,87,
10530,609860,19,30N,305616,780981,1100,94,
10530,609861,19,30N,305521,780806,1100,90,
10530,609862,19,30N,305266,780496,1100,95,
10530,609863,19,30N,305449,780737,1300,83,
10530,609864,19,30N,305432,780582,1300,82,
10530,609865,19,30N,305425,780759,1030,98,
10530,609866,19,30N,305801,779829,1300,85,
10530,609867,19,30N,305181,780503,1200,80,
10530,609868,19,30N,305278,780497,1250,76,
10530,609869,19,30N,350380,780554,1260,76,
10530,609870,19,30N,305358,780565,1300,77,
10530,609871,19,30N,305387,780593,800,84,
10530,609872,19,30N,305366,780575,800,68,
10530,609873,19,30N,305575,779975,700,76,
10530,609874,19,30N,305272,780812,1200,80,
10530,609875,19,30N,305425,780759,1200,70,
10530,609876,19,30N,305232,780548,400,100,
10530,609877,19,30N,305232,780548,800,85,
10530,609878,19,30N,305385,780482,1300,76,
10530,609879,19,30N,305222,780539,1200,67,
10530,609880,19,30N,305537,780783,1150,76,
10530,609881,19,30N,305520,780655,1080,83,
10530,609882,19,30N,305233,780525,1100,76,
10530,609883,19,30N,305366,780575,960,80,
10530,609884,19,29N,742671,758062,1100,76,
10530,609885,19,30N,305713,781084,1360,83,
10530,609886,19,30N,305780,781065,1100,83,
10530,609887,19,30N,305771,781056,1360,70,
10530,609888,19,30N,305178,780475,400,130,
10530,609889,19,30N,305163,780484,1300,76,
10530,609890,19,30N,305497,780823,1200,76,
10530,609891,19,30N,305127,780475,1280,76,
10530,609892,19,30N,305504,780050,800,78,
10530,609893,19,30N,305504,780044,800,76,
10530,609894,19,30N,305504,780050,800,70,
10530,609895,19,30N,305269,780779,1200,80,
10530,609896,19,30N,305178,780475,400,116,
10530,609897,19,30N,305483,780035,800,84,
10530,609898,19,30N,305258,780650,1200,70,
10530,609899,19,30N,305280,780646,1200,76,
10530,609900,19,30N,305258,780650,950,96,
10530,609901,19,30N,304650,780627,1300,90,
10530,609902,19,30N,304226,780705,1300,80,
10530,609903,19,30N,304739,780612,1200,88,
10530,609904,19,30N,304657,780662,1100,80,
10530,609905,19,30N,473272,757157,900,170,
10530,609906,19,30N,473405,757140,1100,85,
10530,609907,19,30N,473286,757164,500,106,
10530,609908,19,30N,473936,756124,1080,175,
10530,609909,19,30N,473403,756078,950,76,
10530,609910,19,30N,473414,756069,1000,150,
10530,609911,19,30N,473483,756788,1100,100,
10530,609912,19,30N,473483,756788,700,70,
10530,609913,19,30N,473783,756789,1000,105,
10530,609914,19,30N,473783,756789,1100,80,
10530,609915,19,30N,473931,756686,950,90,
10530,609916,19,30N,473781,756711,1400,85,
10530,609917,19,30N,471734,757353,1200,76,
10530,609918,19,30N,472091,757442,1150,96,
10530,609919,19,30N,472023,757352,1030,77,
10530,609920,19,30N,473283,758066,1230,85,
10530,609921,19,30N,473331,758123,1100,86,
10530,609922,19,30N,473512,758116,1250,78,
10530,609923,19,30N,458787,719154,1400,70,
10530,609924,19,30N,458444,719142,850,100,
10530,609925,19,30N,433563,782980,1080,84,
10530,609926,19,30N,433549,782946,940,92,
10530,609927,19,30N,433513,782845,1150,92,
10530,609928,19,30N,459115,720055,1500,80,
10530,609929,19,30N,459105,720045,1380,76,
10530,609930,19,30N,433335,782353,1150,85,
10530,609931,19,30N,433345,782878,1130,85,
10530,609932,19,30N,433356,782904,900,82,
10530,609933,19,30N,433240,783721,1200,97,
10530,609934,19,30N,433208,783830,1000,78,
10530,609935,19,30N,433076,783825,840,100,
10530,609936,19,30N,433128,782762,1140,97,
10530,609937,19,30N,433121,783097,1000,103,
10530,609938,19,30N,316318,656080,1300,83,
10530,609939,19,30N,315690,655757,1000,86,
10530,609940,19,30N,315700,655812,1150,80,
10530,609941,19,30N,314336,655816,900,76,
10530,609942,19,30N,314337,655824,1350,76,
10530,609943,19,30N,314928,656182,1100,76,
10530,609944,19,30N,433214,783318,880,97,
10530,609945,19,30N,433129,783280,1000,102,
10530,609946,19,30N,433142,783884,500,105,
10530,609947,19,30N,433432,782807,1200,76,
10530,609948,19,30N,316304,655764,1150,90,
10530,609949,19,30N,3160306,655707,1100,107,
10530,609950,19,30N,316365,655759,1300,80,
10530,609951,19,30N,313987,659133,1100,76,
10530,609952,19,30N,313890,658960,1420,118,
10530,609953,19,30N,313988,659131,1220,129,
10530,609954,19,30N,313988,659131,1220,129,
10530,609955,19,30N,314414,658036,1500,76,
10530,609956,19,30N,314082,657966,1200,83,
10530,609957,19,30N,314226,658506,1450,76,
10530,609958,19,30N,314222,658477,1400,76,
10530,609959,19,30N,315217,657456,1150,83,
10530,609960,19,30N,315215,657461,1450,76,
10530,609961,19,30N,315359,657367,1150,76,
10530,609962,19,30N,315345,657607,1350,76,
10530,609963,19,30N,315282,657603,1150,77,
10530,609964,19,30N,315419,657383,1300,76,
10530,609965,19,30N,315519,658083,1050,90,
10530,609966,19,30N,315567,658108,1250,76,
10530,609967,19,30N,315665,658133,1300,76,
10530,609968,19,30N,315074,657597,1150,77,
10530,609969,19,30N,380131,646716,1170,78,
10530,609970,19,30N,315519,658083,900,78,
10530,609971,19,30N,314746,636231,1450,80,
10530,609972,19,30N,314693,655714,1300,83,
10530,609973,22,30N,459162,719640,1500,50,
10530,609974,23,30N,378844,647452,1500,67,O
10530,609975,23,30N,497195,827692,800,67,O
10530,609976,23,30N,370908,644903,1500,78,O
10530,609977,23,30N,577812,813740,1500,86,O
10530,609978,23,29N,567660,812796,1030,100,
10530,609979,23,29N,628995,795519,1160,78,
10530,609980,23,29N,627189,795003,1480,73,
10530,609981,23,29N,627189,795003,1200,56,
10530,609982,23,29N,627918,794988,1480,97,
10530,609983,23,30N,235161,672517,700,67,O
10530,609984,23,30N,235139,672807,1200,70,
10530,609985,23,30N,336707,735977,1000,70,
10530,609986,23,30N,336682,736034,1200,67,
10530,609987,23,30N,336718,736054,600,70,
10530,609988,23,30N,336734,735825,800,67,
10530,609989,23,30N,492699,828890,870,67,
10530,609990,23,30N,493290,829478,830,95,
10530,609991,23,30N,493088,829113,1000,72,
10530,609992,23,30N,493083,829041,1070,70,
10530,609993,23,29N,725746,757147,1200,80,
10530,609994,23,30N,342762,774483,1400,68,
10530,609995,23,30N,342584,774391,1200,67,
10530,609996,23,29N,739594,712901,1000,68,
10530,609997,23,30N,305824,781086,1300,67,
10530,609998,23,30N,305812,781108,980,82,
10530,609999,23,29N,742584,758674,800,67,
10530,610000,23,30N,305012,780567,1300,67,
10530,610001,23,30N,305003,780575,900,72,
10530,610002,23,30N,471722,757381,1120,69,
10530,610003,23,30N,458731,719143,1330,67,
10530,610004,23,30N,433204,782768,860,70,
10530,610005,23,30N,433499,782833,1100,75,
10530,610006,23,30N,459021,719582,1460,67,
10530,610007,23,30N,433143,783180,1380,72,
10530,610008,24,29N,713518,771225,1300,72,
10530,610009,24,29N,713518,771225,550,60,
10530,610010,24,29N,713592,771202,1320,50,
10530,610011,24,29N,639641,774107,1120,50,O
10530,610012,24,29N,639444,773604,1500,50,O
10530,610013,24,29N,635442,773618,1500,68,
10530,610014,24,29N,639403,773647,1500,68,
10530,610015,24,29N,725478,756984,650,61,
10530,610016,24,30N,459106,720059,1360,55,
10530,610017,25,29N,714041,771064,1420,65,O
10530,610018,25,29N,714071,771034,1400,54,O
10530,610019,25,29N,567426,812656,1200,50,
10530,610020,25,29N,622162,795001,1330,57,O
10530,610021,25,29N,622162,795001,1140,50,O
10530,610022,25,29N,622166,795013,1000,53,O
10530,610023,25,29N,622166,795013,860,50,O
10530,610024,25,29N,627159,795019,1220,62,O
10530,610025,25,29N,627159,795019,1090,50,O
10530,610026,26,29N,713476,770920,1140,65,
10530,610027,27,30N,378949,647457,1390,58,O
10530,610028,28,30N,235170,673218,1100,60,
10530,610029,30,29N,725276,757120,500,70,
10530,610030,30,29N,725251,758617,950,70,
10530,610031,30,30N,459151,719594,1300,57,
10530,610032,31,29N,627725,794995,1500,52,O
10530,610033,31,29N,725372,757266,1000,60,
10530,610034,31,29N,725231,758629,1000,62,
10530,610035,31,29N,725439,758463,1000,60,
10530,610036,31,29N,742535,758297,1100,80,
10530,610037,31,29N,742535,758297,800,60,
10530,610038,31,30N,459058,720236,1470,57,
10530,610039,33,30N,380052,647726,1400,80,O
10530,610040,33,29N,567874,813428,1170,76,O
10530,610041,33,29N,567473,813191,1420,62,O
10530,610042,33,29N,567340,812259,1060,104,O
10530,610043,33,29N,567112,812391,820,110,O
10530,610044,33,29N,567340,812259,900,96,O
10530,610045,33,29N,567112,812391,400,140,O
10530,610046,33,29N,567342,812262,1030,90,O
10530,610047,33,29N,567112,812391,400,132,O
10530,610048,33,29N,567104,812333,1020,86,O
10530,610049,33,29N,567073,812373,1020,116,O
10530,610050,33,29N,567073,812373,940,96,O
10530,610051,33,29N,578179,813812,1250,70,O
10530,610052,33,29N,577774,813495,970,70,O
10530,610053,33,29N,577924,813550,1170,50,O
10530,610054,33,29N,577830,813726,790,75,O
10530,610055,33,29N,578311,813624,1050,76,O
10530,610056,33,29N,578329,813597,580,53,O
10530,610057,33,29N,578335,813675,1400,60,O
10530,610058,33,29N,577830,813726,1300,100,
10530,610059,33,29N,577830,813726,790,80,
10530,610060,33,29N,577914,813281,1450,90,
10530,610061,33,29N,567245,812571,1500,70,
10530,610062,33,29N,567592,813305,1160,80,O
10530,610063,33,29N,567882,813591,1320,76,O
10530,610064,33,29N,567882,813591,860,66,O
10530,610065,33,29N,567874,813428,500,70,O
10530,610066,33,29N,627096,795117,1040,92,O
10530,610067,33,29N,627096,795117,1140,88,O
10530,610068,33,29N,627127,795016,500,106,O
10530,610069,33,29N,627127,795016,490,98,O
10530,610070,33,29N,725817,759458,1050,82,
10530,610071,33,29N,742541,758251,900,100,
10530,610072,33,29N,742541,758251,600,90,
10530,610073,33,29N,742549,758203,800,55,
10530,610074,33,30N,314347,658151,1200,60,
10530,610075,33,30N,314347,658151,1200,60,
10530,610076,36,30N,235516,673925,700,60,
10530,610077,37,30N,380147,646765,1140,70,
10530,610078,37,30N,380177,646812,1050,60,
10530,610079,42,30N,378747,647458,1500,57,O
10530,610080,42,30N,370918,644907,1400,70,O
10530,610081,42,30N,380056,647249,1400,57,O
10530,610082,42,30N,304708,780589,1200,88,
10530,610083,43,29N,577852,813686,1220,58,O
10530,610084,43,29N,577875,813682,1500,50,O
10530,610085,43,29N,577398,813453,1300,56,O
10530,610086,43,29N,577998,813453,550,41,O
10530,610087,43,29N,577438,813457,1340,50,O
10530,610088,43,29N,577471,813442,1400,50,O
10530,610089,43,29N,577456,813482,1000,50,O
10530,610090,44,30N,380069,647652,1200,57,O
10530,610091,44,30N,217573,737821,1100,68,
10530,610092,44,30N,492854,828305,1080,62,
10530,610093,44,29N,725120,756931,1000,60,
10530,610094,44,29N,740394,762774,1200,76,
10530,610095,44,29N,742549,758203,1200,65,
10530,610096,44,29N,742547,758208,1150,59,
10530,610097,44,29N,742364,758105,1050,40,
10530,610098,44,29N,742370,758099,1100,66,
10530,610099,44,29N,742363,758089,1200,64,
10530,610100,44,29N,742364,758105,950,65,
10530,610101,44,30N,380426,647242,1400,57,
10530,610102,44,30N,370143,647084,1500,57,
10530,610103,44,30N,380159,647783,1370,58,
10530,610104,44,30N,380078,646824,800,58,
10530,610105,45,30N,235068,672805,1200,57,
10530,610106,49,30N,459292,719802,900,57,
10530,610107,965,30N,380083,647655,1500,57,O
10530,610108,965,30N,380073,646935,1400,57,
10530,610109,969,29N,725413,757122,850,74,
10530,610110,969,29N,725260,758671,500,70,
10530,610111,969,29N,725260,758671,1150,62,
10530,610112,969,29N,725240,758620,700,70,
10530,610113,969,30N,314503,658067,1500,57,
10530,610114,978,29N,739466,762844,800,60,
10530,610115,985,29N,627211,794987,1260,82,
10530,610116,985,29N,627211,794987,1130,62,
10530,610117,985,29N,627190,794997,1450,76,
10530,610118,985,29N,627190,794997,930,62,
10530,610119,985,29N,627077,794981,1370,76,O
10530,610120,985,30N,497123,827815,1000,90,
10530,610121,985,30N,493431,829001,1000,68,
10530,610122,985,30N,493395,828974,1000,70,
10530,610123,985,30N,493074,828971,890,70,
10530,610124,987,29N,739349,762747,1100,59,
10530,610125,987,29N,740075,762988,1100,58,
10530,610126,987,30N,380235,647165,1500,57,
10530,610127,991,30N,360785,672850,1450,60,
10530,610128,991,30N,361839,674566,1500,69,
10530,610129,991,30N,361883,673419,1500,60,O
10530,610130,991,30N,362145,673538,1450,60,O
10530,610131,991,30N,583934,607948,1100,73,O
10530,610132,991,30N,198719,788507,920,102,O
10530,610133,991,30N,198704,788554,1200,78,O
10530,610134,991,30N,198667,788511,1140,112,O
10530,610135,991,30N,198663,788520,680,102,O
10530,610136,991,30N,198874,788286,950,80,O
10530,610137,991,30N,198876,788451,900,85,O
10530,610138,991,30N,198719,788507,760,80,O
10530,610139,991,30N,198906,788216,1380,80,O
10530,610140,991,30N,198950,788109,920,82,O
10530,610141,991,30N,198989,788049,900,80,O
10530,610142,991,30N,198992,787986,800,78,O
10530,610143,991,30N,199069,787851,800,78,O
10530,610144,991,30N,199183,787982,960,80,O
10530,610145,991,30N,199183,787985,900,80,O
10530,610146,991,30N,199228,788004,810,78,O
10530,610147,991,30N,199265,788067,600,76,O
10530,610148,991,30N,199265,788067,1350,100,O
10530,610149,991,30N,199231,788008,920,78,O
10530,610150,991,30N,199073,786761,1080,92,O
10530,610151,991,30N,198979,786904,800,80,O
10530,610152,991,30N,198898,786937,1000,95,O
10530,610153,991,30N,198984,787097,980,85,O
10530,610154,991,30N,198984,787097,780,78,O
10530,610155,991,30N,198983,787234,920,126,O
10530,610156,991,30N,378853,647559,1190,80,O
10530,610157,991,30N,378853,647559,1100,78,O
10530,610158,991,30N,378918,647465,1500,57,O
10530,610159,991,30N,378753,647808,1500,57,O
10530,610160,991,30N,370920,644920,1100,58,O
10530,610161,991,30N,379800,647451,1350,71,O
10530,610162,991,30N,380078,647628,1300,78,O
10530,610163,991,30N,370047,647459,1370,57,O
10530,610164,991,29N,633516,773502,1180,81,O
10530,610165,991,29N,628949,795490,1360,60,
10530,610166,991,29N,627501,795503,1500,85,O
10530,610167,991,29N,638161,773333,1500,83,
10530,610168,991,30N,235417,678881,1100,80,
10530,610169,991,30N,234931,673746,1100,70,O
10530,610170,991,30N,235326,672072,1300,70,
10530,610171,991,30N,217810,737627,1200,79,
10530,610172,991,30N,217556,7376006,1380,76,
10530,610173,991,30N,217793,737627,1100,95,
10530,610174,991,30N,198971,787208,900,96,
10530,610175,991,30N,199164,786668,810,95,
10530,610176,991,30N,199124,786730,810,80,
10530,610177,991,30N,199314,785382,1000,80,
10530,610178,991,30N,199330,785370,1000,84,
10530,610179,991,30N,198850,785334,530,78,
10530,610180,991,29N,725144,756889,1250,63,
10530,610181,991,29N,725633,757235,1200,60,
10530,610182,991,29N,725811,757329,1300,67,
10530,610183,991,30N,725811,757329,1000,61,
10530,610184,991,29N,725412,758484,1200,60,
10530,610185,991,29N,741282,759874,850,60,
10530,610186,991,29N,741282,759874,1000,54,
10530,610187,991,29N,741349,760133,650,70,
10530,610188,991,29N,739893,762932,900,79,
10530,610189,991,29N,740122,762996,900,75,
10530,610190,991,30N,300524,780596,1300,57,
10530,610191,991,30N,305593,780972,1360,86,
10530,610192,991,29N,742678,758020,1000,80,
10530,610193,991,29N,742693,758033,900,75,
10530,610194,991,29N,742653,758033,700,55,
10530,610195,991,30N,305299,780767,1300,65,
10530,610196,991,29N,742678,758020,700,65,
10530,610197,991,30N,305447,780646,1300,65,
10530,610198,991,30N,305083,780468,1200,99,
10530,610199,991,30N,304754,780573,1500,66,
10530,610200,991,30N,304675,780516,1380,61,
10530,610201,992,30N,379995,647209,1300,57,O
10530,610202,992,30N,380123,646870,1080,58,
10530,610203,995,30N,378852,647448,1300,57,O
10530,610204,995,30N,378834,647336,1500,57,O
10530,610205,995,30N,379905,647221,920,110,O
10530,610206,995,30N,380012,647256,1200,100,O
10530,610207,995,30N,389881,647268,1160,67,O
10530,610208,995,30N,379918,647222,1400,57,O
10530,610209,995,30N,379934,647241,1270,63,O
10530,610210,995,30N,235595,673472,700,67,
10530,610211,995,30N,235398,672894,1000,80,
10530,610212,995,30N,235398,672894,1100,70,
10530,610213,995,29N,725511,756991,850,72,
10530,610214,995,30N,380077,647235,1470,58,
10530,610215,995,30N,380113,646831,900,67,
10530,610216,996,30N,380174,647539,1100,57,
10530,610217,997,30N,380045,647611,1500,64,O
10530,610218,997,29N,713406,771411,1210,80,
10530,610219,997,30N,234543,675990,1000,60,
10530,610220,997,30N,234950,676059,700,68,
10530,610221,997,30N,235593,673974,800,60,
10530,610222,997,30N,235449,673027,1200,57,O
10530,610223,997,30N,234635,672168,1100,60,
10530,610224,997,30N,234595,672162,1000,57,
10530,610225,997,30N,459116,720069,1280,57,
10530,610226,997,30N,459584,719899,1000,60,
10530,610227,997,30N,459173,719552,1300,57,
10530,610228,997,30N,459199,719737,1000,58,
10530,610229,ABA,30N,378713,647349,1500,57,O
10530,610230,ABA,30N,380036,647174,1100,65,O
10530,610231,ABA,29N,567359,812247,1020,60,O
10530,610232,ABA,29N,567207,812332,900,60,O
10530,610233,ABA,29N,567386,812310,1300,60,O
10530,610234,ABA,29N,578741,813940,1250,60,O
10530,610235,ABA,30N,567257,812400,1500,60,O
10530,610236,ABA,29N,567270,812478,1170,60,O
10530,610237,ABA,29N,567577,812692,1060,60,
10530,610238,ABA,29N,627360,795313,1150,55,O
10530,610239,ABA,29N,627239,794937,1440,60,
10530,610240,ABA,29N,627239,794937,700,55,
10530,610241,ADD,29N,579830,813858,1400,88,O
10530,610242,ASA,30N,379997,647227,1500,57,O
10530,610243,ASA,29N,725294,756922,500,70,
10530,610244,ASA,29N,725707,757076,650,71,
10530,610245,ASA,29N,725861,758410,1000,71,
10530,610246,ASA,30N,459110,720263,1160,80,
10530,610247,ASA,30N,459122,719545,1500,57,
10530,610248,EYO,30N,459181,719686,1160,57,
10530,610249,IAT,29N,567369,812317,1500,62,O
10530,610250,IAT,29N,577844,813313,480,40,O
10530,610251,IAT,29N,627437,795164,1380,50,
10530,610252,KOS,29N,627269,795003,1240,84,O
10530,610253,NER,30N,380021,647201,1160,60,O
10530,610254,NER,30N,380091,646811,1150,59,
10530,610255,ORA,30N,234930,674034,800,60,
10530,610256,ORA,30N,235081,673175,1000,57,
10530,610257,ORA,30N,316230,656032,1450,58,
10530,610258,986,30N,378761,647329,1140,93,O
10530,610259,986,30N,378871,647467,1060,104,O
10530,610260,986,30N,378761,647329,1300,60,O
10530,610261,986,30N,378871,647467,800,65,O
10530,610262,38,29N,628891,795481,1120,105,O
10530,610263,991,30N,316202,656055,1200,60,
10530,610264,991,30N,314949,656087,1000,60,
10530,610265,991,30N,314931,656076,850,57,
10530,610266,991,30N,314912,656096,950,60,
10530,610267,991,30N,314912,656096,1100,54,
10530,610268,991,30N,380160,647088,1400,57,
