foret,numero,code_essence,zone_h,x,y,lng,dm,lac
50001,1,16,29N,708616,719220,1050,53,
50001,2,16,30N,219498,580900,1400,50,O
50001,3,16,30N,220217,577626,1400,50,
50001,4,16,30N,220416,578044,1470,40,O
50001,5,16,30N,212367,576119,1300,50,O
50001,6,ADO,30N,212815,577681,1300,70,
50001,7,1,30N,221085,576575,1150,50,O
50001,8,1,30N,221195,576462,1370,50,O
50001,9,38,30N,221041,576652,1280,57,
50001,10,MEE,30N,219309,581100,1260,50,O
50001,11,MEE,30N,219321,581034,930,57,O
50001,12,KOS,30N,219209,580469,1150,60,
50001,13,IAT,30N,220334,577577,600,60,
50001,14,EHE,30N,220227,577834,700,64,
50001,15,DJA,30N,219494,580916,1300,40,
50001,16,DJA,30N,219395,581108,1060,40,O
50001,17,DJA,30N,219424,580422,1400,40,
50001,18,DJA,30N,220181,577694,1250,87,
50001,19,DJA,30N,220306,577551,1440,78,
50001,20,DJA,30N,220135,577395,1250,88,
50001,21,DJA,30N,220313,577980,1360,58,
50001,22,DJA,30N,220121,577973,1350,57,O
50001,23,DJA,30N,212485,576330,600,60,O
50001,24,BON,30N,213895,577205,600,50,
50001,25,BNA,29N,708775,719223,900,51,O
50001,26,BNA,29N,708682,719229,1200,50,
50001,27,BNA,29N,708698,719180,950,50,
50001,28,BDI,29N,695290,728226,1100,67,
50001,29,BDI,30N,219466,580869,1480,58,
50001,30,BDI,30N,219531,580887,960,90,
50001,31,BDI,30N,220223,577862,950,64,O
50001,32,BDI,30N,220099,577883,700,62,O
50001,33,BDI,30N,220407,578041,1430,58,O
50001,34,BDI,30N,220124,578022,1500,57,O
50001,35,BDI,30N,212317,576075,1100,57,
50001,36,BDI,30N,212169,576500,1400,50,O
50001,37,AZD,30N,219355,508684,1100,57,
50001,38,AZD,30N,219010,581102,1250,50,
50001,39,AZD,30N,221418,377131,1000,50,
50001,40,ASA,30N,212588,576405,900,50,O
50001,41,997,30N,217124,578532,1500,53,O
50001,42,997,30N,218425,581434,1350,56,
50001,43,997,30N,218398,581487,1250,57,
50001,44,997,30N,218466,581481,1160,40,
50001,45,997,30N,213935,577276,1200,50,
50001,46,997,29N,218735,580952,900,60,
50001,47,997,30N,219303,581019,1500,57,
50001,48,997,30N,219250,581023,1460,57,
50001,49,997,30N,219248,581082,1440,57,
50001,50,997,30N,212531,576418,1500,64,
50001,51,995,30N,219660,579819,1390,82,
50001,52,995,29N,695295,728136,1100,67,O
50001,53,995,29N,695436,728214,950,47,
50001,54,995,29N,219370,580498,1000,68,
50001,55,994,30N,219354,580317,700,57,O
50001,56,994,30N,212595,576385,1050,60,O
50001,57,992,30N,219431,580876,750,59,O
50001,58,992,30N,219381,581166,1000,57,O
50001,59,992,30N,220013,577869,950,50,O
50001,60,991,30N,219209,580397,1300,65,
50001,61,991,29N,695548,728122,850,76,
50001,62,991,29N,695560,727991,1400,77,
50001,63,991,29N,219381,580440,1400,74,
50001,64,991,29N,219379,580465,1000,75,
50001,65,991,29N,219388,580418,1050,65,
50001,66,991,30N,212489,576388,1300,62,
50001,67,991,30N,221098,576447,1450,50,
50001,68,991,30N,215597,576100,1000,69,O
50001,69,991,30N,167865,439295,1400,72,O
50001,70,991,30N,221200,576475,1370,50,O
50001,71,987,29N,217188,578597,950,57,
50001,72,987,30N,212283,576980,1100,50,O
50001,73,986,30N,217108,578360,1360,55,
50001,74,986,30N,212325,576070,1090,120,
50001,75,985,30N,221789,577498,1070,60,O
50001,76,985,30N,221108,576498,1450,50,O
50001,77,969,30N,219664,579819,1270,50,
50001,78,969,30N,167882,439289,750,57,
50001,79,52,30N,217124,578531,1500,94,
50001,80,52,29N,707828,723396,850,59,O
50001,81,52,29N,707758,723294,1100,57,O
50001,82,52,29N,707647,723486,900,45,
50001,83,45,30N,218411,581533,1280,57,
50001,84,44,30N,217219,578585,1480,60,
50001,85,44,30N,217240,578374,1400,45,
50001,86,44,30N,217109,578566,1260,71,
50001,87,44,30N,217131,578595,1480,61,
50001,88,44,30N,217209,578631,1350,56,
50001,89,44,30N,217244,578587,1060,65,O
50001,90,44,30N,217187,578599,1000,51,
50001,91,44,30N,218401,581105,1300,57,
50001,92,44,30N,213833,577165,1400,50,
50001,93,44,30N,707779,723378,1430,50,
50001,94,44,30N,707821,723339,1370,50,
50001,95,44,30N,219289,580902,1200,65,O
50001,96,44,30N,219206,580825,1200,45,O
50001,97,44,30N,219375,581095,1400,40,O
50001,98,44,30N,219387,581107,1000,57,O
50001,99,44,30N,217220,578587,1200,57,
50001,100,44,30N,217114,578542,1480,57,
50001,101,44,30N,219084,581148,1250,57,
50001,102,44,30N,219089,581140,960,84,
50001,103,44,30N,219341,581303,1250,40,
50001,104,44,30N,219428,580394,1200,57,
50001,105,44,30N,219386,580350,1200,60,O
50001,106,44,30N,219366,580152,1060,74,O
50001,107,44,30N,221873,577480,1100,40,O
50001,108,44,30N,220069,577546,1470,57,O
50001,109,44,30N,220195,577591,1170,60,
50001,110,44,30N,220554,577576,1260,72,
50001,111,44,30N,220074,577581,1300,62,O
50001,112,44,30N,220085,577691,1460,58,O
50001,113,44,30N,212125,576385,1200,57,
50001,114,44,30N,212345,576066,1340,60,
50001,115,44,30N,212615,576444,1480,62,O
50001,116,44,30N,212635,576448,1000,70,O
50001,117,44,30N,212674,576461,1370,50,O
50001,118,44,30N,212600,576300,1170,40,O
50001,119,44,30N,212350,576108,1460,57,O
50001,120,44,30N,212105,576435,1500,57,O
50001,121,44,30N,212109,576461,1100,58,O
50001,122,44,30N,212056,576379,1500,57,
50001,123,44,30N,212053,576380,1470,57,
50001,124,44,30N,212048,576369,1500,58,O
50001,125,44,30N,212088,576398,1100,60,O
50001,126,44,30N,211427,576224,1100,58,
50001,127,44,30N,211341,576303,1200,60,
50001,128,44,30N,212119,576487,1400,50,O
50001,129,44,30N,212801,577667,1500,50,
50001,130,44,30N,215518,576074,870,80,
50001,131,44,30N,167890,439206,800,50,O
50001,132,44,30N,167842,439100,1180,60,
50001,133,42,30N,694095,728785,1500,50,
50001,134,42,29N,219198,580498,950,58,
50001,135,42,30N,212059,576372,1500,75,
50001,136,39,29N,707629,723489,1100,57,O
50001,137,39,30N,167888,439210,1400,50,
50001,138,39,30N,221038,576647,1400,50,
50001,139,37,30N,218501,581607,1300,50,
50001,140,37,30N,707765,723261,1300,75,
50001,141,37,30N,707840,723327,650,57,
50001,142,37,30N,219019,581119,1100,57,
50001,143,37,30N,212495,576360,700,62,O
50001,144,37,30N,221208,576482,850,60,
50001,145,37,30N,221182,576393,1200,40,O
50001,146,32,30N,212771,577646,1200,50,O
50001,147,30,30N,217143,578609,1270,62,O
50001,148,30,30N,217180,578681,1140,61,
50001,149,28,30N,167888,439269,1350,50,
50001,150,27,30N,218374,581082,1100,60,
50001,151,27,30N,693175,728340,600,60,
50001,152,27,29N,219240,580442,950,80,
50001,153,27,29N,219316,580424,950,72,
50001,154,27,30N,219382,580809,1100,58,
50001,155,27,30N,219347,581040,1000,59,
50001,156,27,30N,219235,581093,1100,58,
50001,157,27,30N,219063,581138,1230,90,
50001,158,27,30N,167847,439212,1500,57,O
50001,159,27,30N,221048,576657,600,90,O
50001,160,27,30N,221187,576453,900,100,O
50001,161,25,30N,218588,581764,1500,50,
50001,162,25,30N,219355,580684,1300,50,
50001,163,25,30N,212469,576208,1280,50,
50001,164,24,29N,219357,580461,1400,55,
50001,165,24,29N,219297,580432,1400,46,
50001,166,24,29N,219308,580481,1500,57,
50001,167,23,30N,218745,582297,1500,57,O
50001,168,23,30N,217104,578525,1030,52,
50001,169,23,30N,217231,578595,1060,63,
50001,170,23,30N,218430,581439,1460,55,
50001,171,23,30N,218400,581509,800,57,
50001,172,23,29N,707761,723282,1480,67,
50001,173,23,29N,707738,723316,1400,47,
50001,174,23,30N,219405,581109,1170,60,
50001,175,23,30N,219359,580691,1300,67,
50001,176,23,30N,220474,577043,1400,67,
50001,177,23,30N,220208,577608,600,60,O
50001,178,23,30N,212190,576509,1400,60,O
50001,179,23,30N,221104,576467,1250,40,
50001,180,23,30N,215603,576103,1100,70,O
50001,181,23,30N,167869,732065,1280,60,O
50001,182,19,30N,217239,578573,930,105,O
50001,183,19,30N,217107,578558,970,133,
50001,184,19,30N,217123,578530,1400,80,O
50001,185,19,30N,217107,578658,1300,60,
50001,186,19,30N,217218,578585,1300,55,O
50001,187,19,30N,216761,578242,1200,76,
50001,188,19,30N,217187,578597,1260,55,O
50001,189,19,30N,218855,582291,1200,76,O
50001,190,19,30N,218863,582297,1160,76,
50001,191,19,30N,218888,582301,1100,60,
50001,192,19,30N,218744,582297,1200,80,
50001,193,19,30N,217108,578658,900,50,
50001,194,19,30N,218488,581503,1100,52,
50001,195,19,30N,218380,581098,1380,80,
50001,196,19,30N,218687,581795,1200,104,
50001,197,19,30N,218595,581897,1180,112,
50001,198,19,30N,219673,578987,1080,100,
50001,199,19,30N,219685,579663,400,60,
50001,200,19,30N,219657,579814,1080,76,
50001,201,19,30N,219198,580432,700,76,
50001,202,19,30N,219677,579816,1300,55,
50001,203,19,30N,213817,577155,1170,76,
50001,204,19,30N,213905,577209,570,76,
50001,205,19,30N,213918,577281,500,105,
50001,206,19,30N,694012,728826,600,60,
50001,207,19,30N,694086,728876,1500,76,
50001,208,19,30N,694137,728883,1500,76,
50001,209,19,29N,695244,728255,1000,80,
50001,210,19,29N,708712,719188,1150,100,
50001,211,19,29N,219066,581753,1000,110,
50001,212,19,30N,219361,581297,980,90,
50001,213,19,30N,219371,580337,1380,50,
50001,214,19,30N,219187,580413,1270,76,
50001,215,19,30N,219509,580894,1470,76,
50001,216,19,30N,219328,580907,1470,50,
50001,217,19,30N,219206,581025,1460,76,
50001,218,19,30N,219318,581066,1080,77,
50001,219,19,30N,219299,581085,1400,55,O
50001,220,19,30N,219416,581131,800,90,
50001,221,19,30N,219297,581081,1150,102,
50001,222,19,30N,219301,581122,980,130,
50001,223,19,30N,219266,581138,1100,118,
50001,224,19,30N,217258,578555,930,100,
50001,225,19,30N,217260,578553,1470,84,
50001,226,19,30N,219333,581092,1000,120,
50001,227,19,30N,219309,580480,950,124,
50001,228,19,30N,219311,580444,1200,76,
50001,229,19,30N,219030,581189,1180,115,
50001,230,19,30N,219087,581232,1000,90,
50001,231,19,30N,219095,581207,1000,120,O
50001,232,19,30N,219051,581128,1040,105,O
50001,233,19,30N,219041,581119,1080,70,O
50001,234,19,30N,219066,581132,1300,76,O
50001,235,19,30N,219079,581442,1400,90,
50001,236,19,30N,218930,581071,1000,60,O
50001,237,19,30N,218907,581082,1500,76,O
50001,238,19,30N,219289,581131,1500,76,O
50001,239,19,30N,219399,581181,850,128,
50001,240,19,30N,219208,581115,1280,76,
50001,241,19,30N,219181,581107,1040,60,
50001,242,19,30N,219177,581098,1240,84,O
50001,243,19,30N,219119,581079,1140,100,O
50001,244,19,30N,219327,581290,1080,134,
50001,245,19,30N,219410,580435,1260,80,
50001,246,19,30N,219330,580430,980,78,O
50001,247,19,30N,219314,580446,1240,50,O
50001,248,19,30N,219408,580508,1050,79,O
50001,249,19,30N,219392,580469,1100,76,O
50001,250,19,30N,219388,580481,1060,76,
50001,251,19,30N,219385,580415,1150,107,O
50001,252,19,30N,219653,580076,1000,88,O
50001,253,19,30N,219352,580306,1150,55,
50001,254,19,30N,219461,580341,1000,110,
50001,255,19,30N,219355,580240,1100,50,
50001,256,19,30N,220531,576962,1080,132,
50001,257,19,30N,220608,577021,1000,125,
50001,258,19,30N,220387,577095,780,94,
50001,259,19,30N,220591,576982,1200,94,O
50001,260,19,30N,220518,577579,1000,76,O
50001,261,19,30N,220189,577814,570,90,O
50001,262,19,30N,220200,577844,980,120,O
50001,263,19,30N,220339,577591,800,85,O
50001,264,19,30N,220100,577530,1400,76,O
50001,265,19,30N,220130,578018,1030,76,
50001,266,19,30N,220200,577806,1470,76,O
50001,267,19,30N,220318,577134,1200,55,
50001,268,19,30N,220327,577969,1350,76,O
50001,269,19,30N,220391,578038,1400,76,O
50001,270,19,30N,221359,577147,1100,76,O
50001,271,19,30N,212118,576390,1200,50,
50001,272,19,30N,212488,576320,1360,55,O
50001,273,19,30N,212566,576466,1170,58,
50001,274,19,30N,212507,576227,1100,90,
50001,275,19,30N,212153,576492,1180,55,O
50001,276,19,30N,212038,576392,1300,82,O
50001,277,19,30N,211424,576239,1100,95,O
50001,278,19,30N,211428,576265,980,100,
50001,279,19,30N,212095,576405,970,135,O
50001,280,19,30N,212095,576418,1000,122,O
50001,281,19,30N,211323,576293,930,96,
50001,282,19,30N,211810,576451,1400,77,
50001,283,19,30N,212062,576370,1100,88,
50001,284,19,30N,212765,578762,1280,117,O
50001,285,19,30N,212784,577645,1000,60,O
50001,286,19,30N,212711,577605,1100,80,O
50001,287,19,30N,212699,577581,1450,76,
50001,288,19,30N,221035,576608,1300,65,O
50001,289,19,30N,215469,576076,1070,85,
50001,290,19,30N,215496,576047,1470,60,O
50001,291,19,30N,215528,575970,1400,80,O
50001,292,19,30N,215525,575979,1200,76,O
50001,293,19,30N,215477,575980,1180,76,O
50001,294,19,30N,215545,576093,1480,76,
50001,295,19,30N,215681,576131,1450,60,O
50001,296,19,30N,215707,576208,800,95,O
50001,297,19,30N,215702,576199,900,125,
50001,298,19,30N,215698,576111,1400,98,
50001,299,19,30N,167733,439216,670,92,
50001,300,19,30N,167866,439267,1400,60,O
50001,301,19,30N,167854,439262,1300,70,O
50001,302,19,30N,167889,439210,1050,108,O
50001,303,19,30N,167894,439281,1100,60,O
50001,304,19,30N,167872,439234,1400,76,O
50001,305,19,30N,167826,439239,1000,55,O
50001,306,19,30N,167848,439261,1400,60,
50001,307,19,30N,167829,439208,1400,60,O
50001,308,19,30N,167847,439209,540,80,O
50001,309,19,30N,167806,439093,1200,60,
50001,310,15,30N,218637,581831,1270,57,
50001,311,15,30N,219350,580693,1500,57,
50001,312,15,30N,212408,576191,1200,57,
50001,313,11,30N,221078,576493,1300,57,O
50001,314,11,30N,215496,576066,1370,60,
50001,315,11,30N,167799,439110,1500,57,
50001,316,9,30N,167861,739211,1200,50,
50001,317,9,30N,168272,439234,1400,50,
50001,318,7,29N,219066,581759,900,57,
50001,319,7,29N,219351,580420,1150,57,
50001,320,7,30N,219288,581029,1300,57,
50001,321,2,30N,212625,576410,1100,57,
