foret,numero,code_essence,zone_h,x,y,lng,dm,lac
10001,,16,29N,708616,719220,1050,53,
10001,,16,30N,219498,580900,1400,50,O
10001,,16,30N,220217,577626,1400,50,
10001,,16,30N,220416,578044,1470,40,O
10001,,16,30N,212367,576119,1300,50,O
10001,,ADO,30N,212815,577681,1300,70,
10001,,1,30N,221085,576575,1150,50,O
10001,,1,30N,221195,576462,1370,50,O
10001,,38,30N,221041,576652,1280,57,
10001,,MEE,30N,219309,581100,1260,50,O
10001,,MEE,30N,219321,581034,930,57,O
10001,,KOS,30N,219209,580469,1150,60,
10001,,IAT,30N,220334,577577,600,60,
10001,,EHE,30N,220227,577834,700,64,
10001,,DJA,30N,219494,580916,1300,40,
10001,,DJA,30N,219395,581108,1060,40,O
10001,,DJA,30N,219424,580422,1400,40,
10001,,DJA,30N,220181,577694,1250,87,
10001,,DJA,30N,220306,577551,1440,78,
10001,,DJA,30N,220135,577395,1250,88,
10001,,DJA,30N,220313,577980,1360,58,
10001,,DJA,30N,220121,577973,1350,57,O
10001,,DJA,30N,212485,576330,600,60,O
10001,,BON,30N,213895,577205,600,50,
10001,,BNA,29N,708775,719223,900,51,O
10001,,BNA,29N,708682,719229,1200,50,
10001,,BNA,29N,708698,719180,950,50,
10001,,BDI,29N,695290,728226,1100,67,
10001,,BDI,30N,219466,580869,1480,58,
10001,,BDI,30N,219531,580887,960,90,
10001,,BDI,30N,220223,577862,950,64,O
10001,,BDI,30N,220099,577883,700,62,O
10001,,BDI,30N,220407,578041,1430,58,O
10001,,BDI,30N,220124,578022,1500,57,O
10001,,BDI,30N,212317,576075,1100,57,
10001,,BDI,30N,212169,576500,1400,50,O
10001,,AZD,30N,219355,508684,1100,57,
10001,,AZD,30N,219010,581102,1250,50,
10001,,AZD,30N,221418,377131,1000,50,
10001,,ASA,30N,212588,576405,900,50,O
10001,,997,30N,217124,578532,1500,53,O
10001,,997,30N,218425,581434,1350,56,
10001,,997,30N,218398,581487,1250,57,
10001,,997,30N,218466,581481,1160,40,
10001,,997,30N,213935,577276,1200,50,
10001,,997,29N,218735,580952,900,60,
10001,,997,30N,219303,581019,1500,57,
10001,,997,30N,219250,581023,1460,57,
10001,,997,30N,219248,581082,1440,57,
10001,,997,30N,212531,576418,1500,64,
10001,,995,30N,219660,579819,1390,82,
10001,,995,29N,695295,728136,1100,67,O
10001,,995,29N,695436,728214,950,47,
10001,,995,29N,219370,580498,1000,68,
10001,,994,30N,219354,580317,700,57,O
10001,,994,30N,212595,576385,1050,60,O
10001,,992,30N,219431,580876,750,59,O
10001,,992,30N,219381,581166,1000,57,O
10001,,992,30N,220013,577869,950,50,O
10001,,991,30N,219209,580397,1300,65,
10001,,991,29N,695548,728122,850,76,
10001,,991,29N,695560,727991,1400,77,
10001,,991,29N,219381,580440,1400,74,
10001,,991,29N,219379,580465,1000,75,
10001,,991,29N,219388,580418,1050,65,
10001,,991,30N,212489,576388,1300,62,
10001,,991,30N,221098,576447,1450,50,
10001,,991,30N,215597,576100,1000,69,O
10001,,991,30N,167865,439295,1400,72,O
10001,,991,30N,221200,576475,1370,50,O
10001,,987,29N,217188,578597,950,57,
10001,,987,30N,212283,576980,1100,50,O
10001,,986,30N,217108,578360,1360,55,
10001,,986,30N,212325,576070,1090,120,
10001,,985,30N,221789,577498,1070,60,O
10001,,985,30N,221108,576498,1450,50,O
10001,,969,30N,219664,579819,1270,50,
10001,,969,30N,167882,439289,750,57,
10001,,52,30N,217124,578531,1500,94,
10001,,52,29N,707828,723396,850,59,O
10001,,52,29N,707758,723294,1100,57,O
10001,,52,29N,707647,723486,900,45,
10001,,45,30N,218411,581533,1280,57,
10001,,44,30N,217219,578585,1480,60,
10001,,44,30N,217240,578374,1400,45,
10001,,44,30N,217109,578566,1260,71,
10001,,44,30N,217131,578595,1480,61,
10001,,44,30N,217209,578631,1350,56,
10001,,44,30N,217244,578587,1060,65,O
10001,,44,30N,217187,578599,1000,51,
10001,,44,30N,218401,581105,1300,57,
10001,,44,30N,213833,577165,1400,50,
10001,,44,30N,707779,723378,1430,50,
10001,,44,30N,707821,723339,1370,50,
10001,,44,30N,219289,580902,1200,65,O
10001,,44,30N,219206,580825,1200,45,O
10001,,44,30N,219375,581095,1400,40,O
10001,,44,30N,219387,581107,1000,57,O
10001,,44,30N,217220,578587,1200,57,
10001,,44,30N,217114,578542,1480,57,
10001,,44,30N,219084,581148,1250,57,
10001,,44,30N,219089,581140,960,84,
10001,,44,30N,219341,581303,1250,40,
10001,,44,30N,219428,580394,1200,57,
10001,,44,30N,219386,580350,1200,60,O
10001,,44,30N,219366,580152,1060,74,O
10001,,44,30N,221873,577480,1100,40,O
10001,,44,30N,220069,577546,1470,57,O
10001,,44,30N,220195,577591,1170,60,
10001,,44,30N,220554,577576,1260,72,
10001,,44,30N,220074,577581,1300,62,O
10001,,44,30N,220085,577691,1460,58,O
10001,,44,30N,212125,576385,1200,57,
10001,,44,30N,212345,576066,1340,60,
10001,,44,30N,212615,576444,1480,62,O
10001,,44,30N,212635,576448,1000,70,O
10001,,44,30N,212674,576461,1370,50,O
10001,,44,30N,212600,576300,1170,40,O
10001,,44,30N,212350,576108,1460,57,O
10001,,44,30N,212105,576435,1500,57,O
10001,,44,30N,212109,576461,1100,58,O
10001,,44,30N,212056,576379,1500,57,
10001,,44,30N,212053,576380,1470,57,
10001,,44,30N,212048,576369,1500,58,O
10001,,44,30N,212088,576398,1100,60,O
10001,,44,30N,211427,576224,1100,58,
10001,,44,30N,211341,576303,1200,60,
10001,,44,30N,212119,576487,1400,50,O
10001,,44,30N,212801,577667,1500,50,
10001,,44,30N,215518,576074,870,80,
10001,,44,30N,167890,439206,800,50,O
10001,,44,30N,167842,439100,1180,60,
10001,,42,30N,694095,728785,1500,50,
10001,,42,29N,219198,580498,950,58,
10001,,42,30N,212059,576372,1500,75,
10001,,39,29N,707629,723489,1100,57,O
10001,,39,30N,167888,439210,1400,50,
10001,,39,30N,221038,576647,1400,50,
10001,,37,30N,218501,581607,1300,50,
10001,,37,30N,707765,723261,1300,75,
10001,,37,30N,707840,723327,650,57,
10001,,37,30N,219019,581119,1100,57,
10001,,37,30N,212495,576360,700,62,O
10001,,37,30N,221208,576482,850,60,
10001,,37,30N,221182,576393,1200,40,O
10001,,32,30N,212771,577646,1200,50,O
10001,,30,30N,217143,578609,1270,62,O
10001,,30,30N,217180,578681,1140,61,
10001,,28,30N,167888,439269,1350,50,
10001,,27,30N,218374,581082,1100,60,
10001,,27,30N,693175,728340,600,60,
10001,,27,29N,219240,580442,950,80,
10001,,27,29N,219316,580424,950,72,
10001,,27,30N,219382,580809,1100,58,
10001,,27,30N,219347,581040,1000,59,
10001,,27,30N,219235,581093,1100,58,
10001,,27,30N,219063,581138,1230,90,
10001,,27,30N,167847,439212,1500,57,O
10001,,27,30N,221048,576657,600,90,O
10001,,27,30N,221187,576453,900,100,O
10001,,25,30N,218588,581764,1500,50,
10001,,25,30N,219355,580684,1300,50,
10001,,25,30N,212469,576208,1280,50,
10001,,24,29N,219357,580461,1400,55,
10001,,24,29N,219297,580432,1400,46,
10001,,24,29N,219308,580481,1500,57,
10001,,23,30N,218745,582297,1500,57,O
10001,,23,30N,217104,578525,1030,52,
10001,,23,30N,217231,578595,1060,63,
10001,,23,30N,218430,581439,1460,55,
10001,,23,30N,218400,581509,800,57,
10001,,23,29N,707761,723282,1480,67,
10001,,23,29N,707738,723316,1400,47,
10001,,23,30N,219405,581109,1170,60,
10001,,23,30N,219359,580691,1300,67,
10001,,23,30N,220474,577043,1400,67,
10001,,23,30N,220208,577608,600,60,O
10001,,23,30N,212190,576509,1400,60,O
10001,,23,30N,221104,576467,1250,40,
10001,,23,30N,215603,576103,1100,70,O
10001,,23,30N,167869,732065,1280,60,O
10001,,19,30N,217239,578573,930,105,O
10001,,19,30N,217107,578558,970,133,
10001,,19,30N,217123,578530,1400,80,O
10001,,19,30N,217107,578658,1300,60,
10001,,19,30N,217218,578585,1300,55,O
10001,,19,30N,216761,578242,1200,76,
10001,,19,30N,217187,578597,1260,55,O
10001,,19,30N,218855,582291,1200,76,O
10001,,19,30N,218863,582297,1160,76,
10001,,19,30N,218888,582301,1100,60,
10001,,19,30N,218744,582297,1200,80,
10001,,19,30N,217108,578658,900,50,
10001,,19,30N,218488,581503,1100,52,
10001,,19,30N,218380,581098,1380,80,
10001,,19,30N,218687,581795,1200,104,
10001,,19,30N,218595,581897,1180,112,
10001,,19,30N,219673,578987,1080,100,
10001,,19,30N,219685,579663,400,60,
10001,,19,30N,219657,579814,1080,76,
10001,,19,30N,219198,580432,700,76,
10001,,19,30N,219677,579816,1300,55,
10001,,19,30N,213817,577155,1170,76,
10001,,19,30N,213905,577209,570,76,
10001,,19,30N,213918,577281,500,105,
10001,,19,30N,694012,728826,600,60,
10001,,19,30N,694086,728876,1500,76,
10001,,19,30N,694137,728883,1500,76,
10001,,19,29N,695244,728255,1000,80,
10001,,19,29N,708712,719188,1150,100,
10001,,19,29N,219066,581753,1000,110,
10001,,19,30N,219361,581297,980,90,
10001,,19,30N,219371,580337,1380,50,
10001,,19,30N,219187,580413,1270,76,
10001,,19,30N,219509,580894,1470,76,
10001,,19,30N,219328,580907,1470,50,
10001,,19,30N,219206,581025,1460,76,
10001,,19,30N,219318,581066,1080,77,
10001,,19,30N,219299,581085,1400,55,O
10001,,19,30N,219416,581131,800,90,
10001,,19,30N,219297,581081,1150,102,
10001,,19,30N,219301,581122,980,130,
10001,,19,30N,219266,581138,1100,118,
10001,,19,30N,217258,578555,930,100,
10001,,19,30N,217260,578553,1470,84,
10001,,19,30N,219333,581092,1000,120,
10001,,19,30N,219309,580480,950,124,
10001,,19,30N,219311,580444,1200,76,
10001,,19,30N,219030,581189,1180,115,
10001,,19,30N,219087,581232,1000,90,
10001,,19,30N,219095,581207,1000,120,O
10001,,19,30N,219051,581128,1040,105,O
10001,,19,30N,219041,581119,1080,70,O
10001,,19,30N,219066,581132,1300,76,O
10001,,19,30N,219079,581442,1400,90,
10001,,19,30N,218930,581071,1000,60,O
10001,,19,30N,218907,581082,1500,76,O
10001,,19,30N,219289,581131,1500,76,O
10001,,19,30N,219399,581181,850,128,
10001,,19,30N,219208,581115,1280,76,
10001,,19,30N,219181,581107,1040,60,
10001,,19,30N,219177,581098,1240,84,O
10001,,19,30N,219119,581079,1140,100,O
10001,,19,30N,219327,581290,1080,134,
10001,,19,30N,219410,580435,1260,80,
10001,,19,30N,219330,580430,980,78,O
10001,,19,30N,219314,580446,1240,50,O
10001,,19,30N,219408,580508,1050,79,O
10001,,19,30N,219392,580469,1100,76,O
10001,,19,30N,219388,580481,1060,76,
10001,,19,30N,219385,580415,1150,107,O
10001,,19,30N,219653,580076,1000,88,O
10001,,19,30N,219352,580306,1150,55,
10001,,19,30N,219461,580341,1000,110,
10001,,19,30N,219355,580240,1100,50,
10001,,19,30N,220531,576962,1080,132,
10001,,19,30N,220608,577021,1000,125,
10001,,19,30N,220387,577095,780,94,
10001,,19,30N,220591,576982,1200,94,O
10001,,19,30N,220518,577579,1000,76,O
10001,,19,30N,220189,577814,570,90,O
10001,,19,30N,220200,577844,980,120,O
10001,,19,30N,220339,577591,800,85,O
10001,,19,30N,220100,577530,1400,76,O
10001,,19,30N,220130,578018,1030,76,
10001,,19,30N,220200,577806,1470,76,O
10001,,19,30N,220318,577134,1200,55,
10001,,19,30N,220327,577969,1350,76,O
10001,,19,30N,220391,578038,1400,76,O
10001,,19,30N,221359,577147,1100,76,O
10001,,19,30N,212118,576390,1200,50,
10001,,19,30N,212488,576320,1360,55,O
10001,,19,30N,212566,576466,1170,58,
10001,,19,30N,212507,576227,1100,90,
10001,,19,30N,212153,576492,1180,55,O
10001,,19,30N,212038,576392,1300,82,O
10001,,19,30N,211424,576239,1100,95,O
10001,,19,30N,211428,576265,980,100,
10001,,19,30N,212095,576405,970,135,O
10001,,19,30N,212095,576418,1000,122,O
10001,,19,30N,211323,576293,930,96,
10001,,19,30N,211810,576451,1400,77,
10001,,19,30N,212062,576370,1100,88,
10001,,19,30N,212765,578762,1280,117,O
10001,,19,30N,212784,577645,1000,60,O
10001,,19,30N,212711,577605,1100,80,O
10001,,19,30N,212699,577581,1450,76,
10001,,19,30N,221035,576608,1300,65,O
10001,,19,30N,215469,576076,1070,85,
10001,,19,30N,215496,576047,1470,60,O
10001,,19,30N,215528,575970,1400,80,O
10001,,19,30N,215525,575979,1200,76,O
10001,,19,30N,215477,575980,1180,76,O
10001,,19,30N,215545,576093,1480,76,
10001,,19,30N,215681,576131,1450,60,O
10001,,19,30N,215707,576208,800,95,O
10001,,19,30N,215702,576199,900,125,
10001,,19,30N,215698,576111,1400,98,
10001,,19,30N,167733,439216,670,92,
10001,,19,30N,167866,439267,1400,60,O
10001,,19,30N,167854,439262,1300,70,O
10001,,19,30N,167889,439210,1050,108,O
10001,,19,30N,167894,439281,1100,60,O
10001,,19,30N,167872,439234,1400,76,O
10001,,19,30N,167826,439239,1000,55,O
10001,,19,30N,167848,439261,1400,60,
10001,,19,30N,167829,439208,1400,60,O
10001,,19,30N,167847,439209,540,80,O
10001,,19,30N,167806,439093,1200,60,
10001,,15,30N,218637,581831,1270,57,
10001,,15,30N,219350,580693,1500,57,
10001,,15,30N,212408,576191,1200,57,
10001,,11,30N,221078,576493,1300,57,O
10001,,11,30N,215496,576066,1370,60,
10001,,11,30N,167799,439110,1500,57,
10001,,9,30N,167861,739211,1200,50,
10001,,9,30N,168272,439234,1400,50,
10001,,7,29N,219066,581759,900,57,
10001,,7,29N,219351,580420,1150,57,
10001,,7,30N,219288,581029,1300,57,
10001,,2,30N,212625,576410,1100,57,
